0.009491925741400542 
0.009493787208813708 
0.009499410877762541 
0.009508768997442841 
0.009521912450408197 
0.009538914310784213 
0.00955977799378938 
0.009584620281647634 
0.009613519919598409 
0.009646511498214626 
0.009683785396287971 
0.00972549603615677 
0.009771753830258328 
0.009822691096830047 
0.009878546131585422 
0.00993951206070631 
0.010005905149583723 
0.01007789913526037 
0.010155787954168558 
0.010240021859781847 
0.01033088579412687 
0.010428818816744626 
0.010534321981216168 
0.01064780239584522 
0.010770046075987333 
0.010901589517028965 
0.011043205956554504 
0.011195759826418872 
0.01136020662927092 
0.01153757885277665 
0.011729369816773947 
0.01193709177500816 
0.012162361219437742 
0.012407515577593757 
0.012676235715127783 
0.012971792302620416 
0.013300686289143344 
0.013678723788199376 
0.014147680959688224 
0.014407776477574706 
0.014871065607080158 
0.015387048643613033 
0.015964832335449455 
0.01661580213453275 
0.017354369019435583 
0.01819906383138144 
0.01917406583217691 
0.020311757570327795 
0.0216561169531697 
0.02326955100739416 
0.025246591607050298 
0.0288484818800479 
0.032595073437101545 
0.03649456640459471 
0.04055605150843785 
0.04478964777066162 
0.0492066689396414 
0.05381982633187192 
0.11163708751913602 
355.88561620956955 
