0.0 
4.751706061359065 
9.50341212271813 
14.255118184077194 
19.00682424543626 
23.758530306795326 
28.510236368154388 
33.261942429513454 
38.01364849087252 
42.765354552231585 
47.51706061359065 
52.26876667494972 
57.020472736308776 
61.77217879766784 
66.52388485902691 
71.27559092038598 
76.02729698174504 
80.7790030431041 
85.53070910446317 
90.28241516582223 
95.0341212271813 
99.78582728854036 
104.53753334989943 
109.28923941125849 
114.04094547261755 
118.79265153397662 
123.54435759533568 
128.29606365669474 
133.04776971805381 
137.7994757794129 
142.55118184077196 
147.302887902131 
152.05459396349008 
156.80630002484915 
161.5580060862082 
166.30971214756727 
171.06141820892634 
175.8131242702854 
180.56483033164446 
185.31653639300353 
190.0682424543626 
194.81994851572165 
199.57165457708072 
204.3233606384398 
209.07506669979887 
213.8267727611579 
218.57847882251698 
223.33018488387606 
228.0818909452351 
232.83359700659418 
237.58530306795325 
242.33700912931232 
247.08871519067137 
251.84042125203044 
256.5921273133895 
261.34383337474856 
266.09553943610763 
270.8472454974667 
275.5989515588258 
280.35065762018485 
