0.007125000000000715 
0.0071261031449956465 
0.007129412832976102 
0.007135929953820846 
0.007144655847903075 
0.007154592018946205 
0.00716874193568447 
0.007184107412878288 
0.007202693172019718 
0.007223502743203009 
0.007247542179684779 
0.007273815792477577 
0.0073033314936091585 
0.007336096779738878 
0.007372119928352515 
0.007411410017522982 
0.0074539769478422615 
0.007500835729046472 
0.007550994774267656 
0.007605472055606095 
0.007664282912768555 
0.007727443860984571 
0.007795979867921683 
0.00786991202748989 
0.007949262969106502 
0.00803506635314151 
0.008127350498546185 
0.008227156780706625 
0.008334520212236622 
0.008450491099924887 
0.008577139978524414 
0.008712488928254807 
0.008860650622183493 
0.009020673499033903 
0.009195678473685551 
0.009385747244293164 
0.009594028761048527 
0.009822671512011901 
0.01007384193526346 
0.010351775004066912 
0.010660738343313892 
0.011004007725549396 
0.011390036535407983 
0.011824254040193704 
0.012319369509219179 
0.012891302010935034 
0.013573719733998749 
0.014591514481166168 
0.015185704236197138 
0.016261393598310848 
0.017576398279075558 
0.019217271101378563 
0.021325980888426004 
0.024139513582083036 
0.028263956376784728 
0.036421332731752125 
0.044931806657435416 
0.05381982633187192 
0.11163708751913602 
355.88561620956955 
