41509.92620427084 
41528.811379390994 
41585.417373578304 
41680.35104036983 
41813.53922555092 
41986.01073061038 
42198.26588348681 
42451.34439999976 
42746.65450004193 
43085.00328760856 
43468.5848148545 
43899.04645911819 
44378.72899730049 
44909.754515516615 
45494.73432042259 
46137.40917560947 
46840.90971529691 
47609.30074249075 
48447.18086659749 
49359.78488680223 
50352.43382053996 
51432.19561514978 
52606.12718553241 
53883.09639474195 
55272.06691528379 
56784.774923745106 
58432.90632219068 
60232.53873398104 
62198.70864579429 
64352.351135190496 
66714.73186560266 
69314.17991528015 
72180.85446284636 
75351.34434440931 
78871.38058025851 
82793.25174509303 
87182.70208067105 
92115.49489950029 
97690.6704519982 
104025.76139411285 
111274.4309447072 
119630.80578351454 
129346.35943677672 
140751.41449283678 
154317.8809442114 
170764.88555268245 
191568.45541073818 
224976.52896241157 
227297.63977362885 
264178.53859531245 
335840.3797474504 
379680.034138493 
474792.0505713395 
618114.3069124668 
858360.0928152704 
1012732.9430427566 
1170442.110192503 
1331557.5191501714 
5958706.132966936 
63719941178058.05 
