0.052734375 
0.05997757117613853 
0.06720515172634016 
0.07538623073597425 
0.08451330343167646 
0.09361456826474052 
0.10365163105761198 
0.11461684287817428 
0.12554576294205674 
0.1364381886492742 
0.14824559664150078 
0.1600110184785932 
0.17173421707211872 
0.1834149533607773 
0.19599444478191846 
0.20805638979978647 
0.220072542611081 
0.2325094841081992 
0.24489749527009755 
0.256772066371328 
0.2690626829865295 
0.2810727246612642 
0.2930340231533046 
0.304946294110251 
0.3168092506958877 
0.3286226035577072 
0.34015860771131795 
0.3518725513450611 
0.36330991316708905 
0.3745851470942636 
0.385811351453741 
0.3969882336779432 
0.40811549855602747 
0.4189701887566218 
0.4297760552189235 
0.44053280319751253 
0.4512401352368018 
0.46167789321710373 
0.472176622519338 
0.48240730081876004 
0.4926439222530792 
0.5027228942384043 
0.5126990655123449 
0.5226265683983596 
0.5323976801540553 
0.5420131890788893 
0.5515805801938074 
0.5610463906668552 
0.5703578929688993 
0.5796214772214194 
0.5887316296378249 
0.5977415842228289 
0.6066516000205207 
0.6154359169814267 
0.6241210083555055 
0.6327071401520643 
0.641168844754362 
0.6495323196254779 
0.657797837963035 
0.6659402286253788 
0.6739727352192126 
0.6819084106147053 
0.689722384953233 
0.6974402941321793 
0.7050499493174245 
0.7125393628366881 
0.7199338846797962 
0.7272214845774614 
0.7343903362690234 
0.7414655000975541 
0.7484229309225712 
0.7552874938688673 
0.7620353550094248 
0.7686791608591957 
0.7752134011031659 
0.7816445912775938 
0.7879672816179208 
0.7941879443111391 
0.8003011908476216 
0.8063075964504274 
0.8122077413049669 
0.818008010423062 
0.8237031403821723 
0.8292937262324256 
0.8347803682363917 
0.8401608263541703 
0.8454385845555374 
0.8506170773683674 
0.8556912768811042 
0.8606618523266979 
0.8655322551370921 
0.8703003624113157 
0.8749668616008157 
0.8795351800823876 
0.8840005364757412 
0.8883690901913783 
0.8926361302139778 
0.8968050957548961 
0.9008740522703541 
0.9048477472565906 
0.908722951699105 
0.9125017663923205 
0.9161862699164883 
0.9197720510635852 
0.9232651141417543 
0.9266636806200975 
0.9299685820766386 
0.9331806583896494 
0.9363007578739333 
0.9393297374210289 
0.9422672229712519 
0.9451153443978095 
0.9478749853424724 
0.9505458226730932 
0.9531299905125967 
0.9556272007736137 
0.9580383992519228 
0.9603657255821079 
0.9626101214992255 
0.9647713717441283 
0.9668510431052129 
0.9688506966472867 
0.9707707454571162 
0.9726127643771403 
0.9743777600971519 
0.9760673092220753 
0.9776824288949242 
0.9792241481568393 
0.9806945989110722 
0.9820942674875681 
0.9834247433441701 
0.984687610971333 
0.9858849774994858 
0.9870173577714769 
0.98808685348899 
0.9890950293307639 
0.9900439544224423 
0.9909341602589667 
0.9917682108615427 
0.9925476372702123 
0.9932744561188538 
0.9939504170551443 
0.9945772549660179 
0.995156689842208 
0.9956908978929522 
0.9961817872806225 
0.9966314713673177 
0.9970415713421727 
0.9974143691391597 
0.9977516536054274 
0.9980558480235181 
0.9983284453226131 
0.998571781848198 
0.9987877083360575 
0.9989784554726633 
0.9991457769982386 
0.9992915894641631 
0.9994177558956407 
0.9995260847284042 
0.9996187213612633 
0.9996971512262305 
0.9997631940305733 
0.9998184105996578 
0.9998648552442225 
0.9999046662928548 
0.9999441647182599 
0.9999396509986274 
0.9999565943461155 
0.9999694267248653 
0.9999789543445432 
0.9999858752328783 
0.9999907820617371 
0.9999941681817621 
0.999996436037849 
0.9999979045518304 
0.9999988202083809 
0.9999993674539502 
0.9999996792346216 
0.9999998472648387 
0.9999999323138138 
0.999999972429396 
0.9999999897712473 
0.9999999966158404 
0.9999999977438936
0.9999999988719468 
1 
1 
1 
1 
1 
1 
1 
1 
1 
1 
1 
1 
1 
1 
1 
1 
