12.276901490734167 
11.960552949103095 
11.684038244863755 
11.35293633239388 
10.98241913469409 
10.656829739466914 
10.303607949755937 
9.934487959571502 
9.61005367126712 
9.32219099626306 
9.023058401222526 
8.756948945560664 
8.518465712050446 
8.303376739529282 
8.079760936566364 
7.8910365214845095 
7.719039463860703 
7.550465921616552 
7.396285929163033 
7.264364395552944 
7.1333540406552505 
7.016564389521562 
6.908209480133164 
6.807455824873332 
6.713582922428391 
6.625964552930502 
6.5472340822097665 
6.470392262793905 
6.401248333402637 
6.337657010726345 
6.277815224597894 
6.221462175713316 
6.168363447711359 
6.120636876182837 
6.075584768321678 
6.033050293952747 
5.992891046289714 
5.956988686049578 
5.922104081217587 
5.891057826078901 
5.861297378655547 
5.834112276067733 
5.808920273569058 
5.785202983650476 
5.763711370683621 
5.744324476374805 
5.726166287052062 
5.709569199002013 
5.694829757668357 
5.681151331618429 
5.66919551907154 
5.6585482769071085 
5.649162546584267 
5.641155762424836 
5.634319857525934 
5.628618239202187 
5.624167306615551 
5.6207793560789865 
5.618426011211925 
5.617221811900641 
5.61706508766941 
5.617862403864822 
5.619726086776505 
5.62250046705551 
5.6262327102167555 
5.630966490088804 
5.636559416372004 
5.643059325796006 
5.650511189368503 
5.658783951100106 
5.667982581722907 
5.677983563405197 
5.68888972478538 
5.700637323495718 
5.713245939549581 
5.7266834424283894 
5.740970516199876 
5.756078304922677 
5.772028513490737 
5.788818639883432 
5.806447015426298 
5.824890652025538 
5.844173393609388 
5.864296482554717 
5.885262142248811 
5.907083638994324 
5.929754639396519 
5.953270629848713 
5.9776570154934445 
6.002919902767247 
6.029057931445663 
6.056088400514703 
6.084020364585696 
6.112856386748065 
6.1426231661204955 
6.173317932225886 
6.204968184645014 
6.2375812438111025 
6.271178158052267 
6.305766580403325 
6.341372430053875 
6.378011273710777 
6.415701281321582 
6.454470992998945 
6.494334950873234 
6.535320312906904 
6.577451745246425 
6.620755370367856 
6.6652590044229045 
6.710991953691264 
6.757984824065988 
6.806270376450786 
6.855883203560626 
6.906858108311187 
6.959234910446693 
7.013051161111229 
7.068348283483451 
7.125173901098737 
7.183575793662951 
7.243597783038062 
7.305293403755091 
7.3687202684056725 
7.433931279170081 
7.500990009536205 
7.569958925582191 
7.640909338832432 
7.713910580044085 
7.7890343209882635 
7.866372482000236 
7.94599597071001 
8.027996160568327 
8.112469779816822 
8.19953328659166 
8.289268566392078 
8.381802660172266 
8.47725565949859 
8.575774958383548 
8.677448875106437 
8.782457835814984 
8.890946111099083 
9.00309426053134 
9.11907784198912 
9.23907848006282 
9.363280784250318 
9.491925741400497 
9.625245383334152 
9.763517281023015 
9.906956535280525 
10.055903875062663 
10.210627901629138 
10.371582205608286 
10.538993332708152 
10.713368713612184 
10.895096739510619 
11.084811256070646 
11.28297817739722 
11.490216317753049 
11.707211856957965 
11.934734557416869 
12.174392050673648 
12.427330759940725 
12.69600438764869 
12.983659377196194 
13.2986839201576 
13.660169258442647 
14.174629386435088 
14.212925327883937 
14.575006466814457 
14.959460949954408 
15.368435858311289 
15.804385892188767 
16.270095745369357 
16.768716295782614 
17.30395291836928 
17.879973205799143 
18.50161819632701 
19.1746431490938 
19.906006129340597 
20.703251392842496 
21.575527256096493 
22.535467859622923 
23.592938203809574 
24.769003408326288 
27.291133373276818
29.81326333655364 
32.33539329983046 
34.8575232636654 
37.37965322750013 
39.90178319133485 
42.42391315516957 
44.94604311900452 
47.46817308283924 
49.99030304667397 
52.512433010508694 
55.03456297434364 
57.556692938178365 
60.07882290201309 
81.99651891164635 
126.01796963884016 
258.63921139453333 
333317.4186878909 
