0.02490234375 
0.028805842966435354 
0.03319700621636297 
0.03758755463398578 
0.04246085221655281 
0.04733105685698259 
0.05267903067784099 
0.05802138646410306 
0.06383646503151261 
0.06964335241220149 
0.07591784842334888 
0.08218153092519728 
0.08843434404622891 
0.09514824600728908 
0.10184859522476608 
0.1087700391433874 
0.11567649039155582 
0.12256786823683723 
0.1296768603005224 
0.13676930507025886 
0.14384511221253096 
0.15090419069945132 
0.1581765809553347 
0.16543072686661697 
0.1727809262863303 
0.179997943760849 
0.18742386282271054 
0.19471638552355214 
0.20210251547111407 
0.20946841263636062 
0.21692632789628996 
0.2243630930681923 
0.2317785876541345 
0.2392283550236395 
0.2467117506419703 
0.25422812464987776 
0.2617216811380163 
0.26924725243224373 
0.2767493869501538 
0.2842825579796022 
0.2918460925343376 
0.2994121857677976 
0.30698042311795026 
0.31457733237463736 
0.3221485093480651 
0.3297740930875146 
0.3373730878988079 
0.3449984957498272 
0.35262311369666455 
0.3602464990214459 
0.3678945077677288 
0.37554019974544706 
0.3831831191664239 
0.3908358166651118 
0.3984976861878816 
0.40616811624979265 
0.41383362207184426 
0.42150654484964845 
0.4291862569948456 
0.43685940201050766 
0.4445381612168874 
0.4522155774047355 
0.45989736215867166 
0.4675703321074369 
0.47524645141485283 
0.48291883831315396 
0.49058689370877184 
0.49825617672086975 
0.5059137236591678 
0.5135712204247385 
0.5212218802505735 
0.5288650742213501 
0.5364941306020716 
0.5441205071469697 
0.5517374937891327 
0.559338477501619 
0.5669288087169833 
0.5745078203574145 
0.5820689586628759 
0.5896174758918109 
0.5971497713296545 
0.6046622907829314 
0.6121572999586055 
0.6196312580473433 
0.6270835308539238 
0.6345106317807406 
0.6419176177805637 
0.6492953385317999 
0.656647421319108 
0.6639718228491001 
0.6712637444940592 
0.6785253701442617 
0.6857533246033162 
0.6929470160378096 
0.700103126382557 
0.7072224454159138 
0.7143003463543732 
0.7213376343010276 
0.7283297560128549 
0.7352775325653337 
0.7421778014057183 
0.7490287610650888 
0.7558286334751987 
0.7625756642235446 
0.7692674798612517 
0.7759017463104176 
0.7824761693420489 
0.7889897580450974 
0.7954396485518029 
0.8018242810935696 
0.8081396426443871 
0.8143855048756519 
0.8205591872552978 
0.8266580683284273 
0.8326795865016969 
0.8386224407583577 
0.8444829755506036 
0.8502599972834477 
0.8559505795416825 
0.861553043390579 
0.8670645991538234 
0.8724831147046349 
0.8778059534584715 
0.8830316971046868 
0.8881572911926298 
0.8931809018170553 
0.898100212008777 
0.9029135439070713 
0.9076187476366613 
0.9122132244073287 
0.9166958279699031 
0.9210644164017023 
0.9253166894373885 
0.929451509243867 
0.9334675605860916 
0.9373625927091888 
0.9411360138595056 
0.9447860480152286 
0.9483115448988629 
0.9517119587428816 
0.9549863454301002 
0.9581341168890726 
0.9611543097667706 
0.9640472783081355 
0.9668125151642825 
0.9694503345410084 
0.9719609148196651 
0.9743449976972502 
0.9766031884143009 
0.9787364167930643 
0.9807463678808223 
0.9826339198868861 
0.9844013514564824 
0.9860507766029827 
0.9875841595759542 
0.9890043668804812 
0.990314092225927 
0.9915168810606562 
0.9926156832219091 
0.9936146626325251 
0.994517759897195 
0.995329088052322 
0.9960532942843955 
0.9966949619712259 
0.9972593378541303 
0.9977511982360698 
0.9981761088364629 
0.9985394828933462 
0.9988465780516903 
0.9991029931880884 
0.9993142904554201 
0.9994856536846519 
0.999622684359023 
0.9997302535486712 
0.9998131458197471 
0.9998767703309955 
0.9999261873943583 
0.9999455659990012 
0.9999668476698779 
0.9999807564213825 
0.9999894317521858 
0.9999945573847869 
0.9999974000747829 
0.9999988633268192 
0.9999995527217247 
0.9999998449801372 
0.9999999539905452 
0.9999999886651052 
0.9999999978337765 
0.9999999997310305 
1 
1 
1 
1 
1 
1 
1 
1 
1 
1 
1 
