0.75 
0.74875 
0.7475 
0.74625 
0.745 
0.74375 
0.7424999999999999 
0.74125 
0.74 
0.73875 
0.7375 
0.7362500000000001 
0.735 
0.73375 
0.7325 
0.73125 
0.73 
0.72875 
0.7275 
0.7262500000000001 
0.725 
0.72375 
0.7225 
0.72125 
0.72 
0.71875 
0.7175 
0.71625 
0.715 
0.71375 
0.7125 
0.7112499999999999 
0.71 
0.70875 
0.7075 
0.70625 
0.7050000000000001 
0.70375 
0.7025 
0.70125 
0.7 
0.69875 
0.6975 
0.69625 
0.6950000000000001 
0.69375 
0.6925 
0.69125 
0.69 
0.68875 
0.6875 
0.68625 
0.685 
0.68375 
0.6825 
0.68125 
0.6799999999999999 
0.67875 
0.6775 
0.67625 
0.675 
0.6737500000000001 
0.6725 
0.67125 
0.67 
0.66875 
0.6675 
0.66625 
0.665 
0.6637500000000001 
0.6625 
0.66125 
0.66 
0.65875 
0.6575 
0.65625 
0.655 
0.65375 
0.6525 
0.65125 
0.65 
0.6487499999999999 
0.6475 
0.64625 
0.645 
0.64375 
0.6425000000000001 
0.64125 
0.64 
0.63875 
0.6375 
0.63625 
0.635 
0.63375 
0.6325000000000001 
0.63125 
0.63 
0.62875 
0.6275 
0.62625 
0.625 
0.62375 
0.6225 
0.62125 
0.62 
0.61875 
0.6175 
0.61625 
0.615 
0.61375 
0.6125 
0.61125 
0.61 
0.60875 
0.6075 
0.60625 
0.605 
0.60375 
0.6025 
0.6012500000000001 
0.6 
0.59875 
0.5975 
0.59625 
0.595 
0.59375 
0.5925 
0.59125 
0.59 
0.58875 
0.5875 
0.58625 
0.585 
0.58375 
0.5825 
0.58125 
0.58 
0.57875 
0.5775 
0.57625 
0.575 
0.57375 
0.5725 
0.57125 
0.5700000000000001 
0.56875 
0.5675 
0.56625 
0.565 
0.56375 
0.5625 
0.56125 
0.56 
0.55875 
0.5575 
0.55625 
0.555 
0.55375 
0.5525 
0.55125 
0.55 
0.54875 
0.5475 
0.54625 
0.545 
0.54375 
0.5425 
0.54125 
0.54 
0.53875 
0.5375 
0.53625 
0.535 
0.53375 
0.5325 
0.53125 
0.53 
0.52875 
0.5275 
0.52625 
0.525 
0.52375 
0.5225 
0.52125 
0.52 
0.51875 
0.5175 
0.51625 
0.515 
0.51375 
0.5125 
0.51125 
0.51 
0.50875 
0.5075 
0.50625 
0.505 
0.50375 
0.5025 
0.50125 
0.500001 
