0.00635541631840881 
0.008890135169755772 
0.012233215147163657 
0.015968546058454425 
0.020576296128932844 
0.025564585515385166 
0.031457158720759604 
0.03771851661085036 
0.044908571427601435 
0.052466568445008 
0.06098446130822207 
0.06988146001578403 
0.07915699155094771 
0.08944402314294068 
0.100135292308542 
0.11156554137377389 
0.12341466892148828 
0.135681713215877 
0.14873382617417533 
0.16222342483852525 
0.1761497925043348 
0.19052349129478677 
0.20572876505571636 
0.22139916364477638 
0.23774121676531035 
0.2543458191810353 
0.2718497142936297 
0.2896173529502242 
0.3080938363332354 
0.32706584953126855 
0.3467645996887439 
0.3669745667105779 
0.3876941544665349 
0.4090569894777826 
0.4310688854908497 
0.453746004057105 
0.47696451194906797 
0.5008694023922295 
0.5253298923983784 
0.5504982752440613 
0.5763785920670199 
0.6029217083020955 
0.6301359779865997 
0.6581085347073118 
0.6866993312445685 
0.7161532804251433 
0.7462422152851272 
0.7771562017305929 
0.8088151530247292 
0.8412332151265765 
0.8745256990557446 
0.9086101551272598 
0.9435002251802863 
0.9792720720906165 
1.015935694395162 
1.0535118266313743 
1.0919768731331392 
1.1313954421459176 
1.1717932263990587 
1.2131373630238902 
1.2555071628780592 
1.2988985188841704 
1.3433703067629206 
1.3888756479362714 
1.4355152402824833 
1.4832825396143492 
1.5322090912776134 
1.5823524912749 
1.6336867068419136 
1.6863003347108099 
1.7402059996443249 
1.7954390743167539 
1.8519959605812875 
1.9099798174516631 
1.9694181588409048 
2.0302907229635734 
2.092698685457775 
2.1566816569697833 
2.222251363113468 
2.289489172566741 
2.358438069279411 
2.4291273090609087 
2.5016400723169343 
2.5760111806841666 
2.65230429993592 
2.7305611081652192 
2.810899104015903 
2.8933120077100507 
2.9779236917675527 
3.06480255718474 
3.153976075682817 
3.2455725857061415 
3.339654648613862 
3.4363138498838195 
3.5356305402336 
3.6377144777884762 
3.7426394871568522 
3.850540006418603 
3.9614882020377356 
4.075626093736657 
4.19306472535142 
4.313929747428993 
4.4383505803830445 
4.566461356864428 
4.698416496871875 
4.834363966222708 
4.974469261752301 
5.118892531953002 
5.267820620583568 
5.421447591073299 
5.579955564991282 
5.74356794035919 
5.912498143232069 
6.086993831881223 
6.267292093010734 
6.453677735277999 
6.646382795914358 
6.845748019011854 
7.052065658075653 
7.265680609660375 
7.4869393724700775 
7.716221899688533 
7.953905873151447 
8.200461262021047 
8.456296620301536 
8.721919528695025 
8.997850331159023 
9.284630876595108 
9.582856846273032 
9.893160161014434 
10.216213757797277 
10.55276825101954 
10.903545975994945 
11.269444433753666 
11.651336029029437 
12.050197019206085 
12.467077611428 
12.903103400509812 
13.35948967950255 
13.837566227596675 
14.338757364200474 
14.864639064087486 
15.416837403223695 
15.997249104043286 
16.607835355700487 
17.250792284423465 
17.92848743070215 
18.64354437100158 
19.398805414721373 
20.197389431379534 
21.0428197299365 
21.938767191283535 
22.889547624496686 
23.89979707849164 
24.974611788755368 
26.119773832049816 
27.341600806442788 
28.647340795677188 
30.04477493068108 
31.543027554864807 
33.15216058338355 
34.88347040505264 
36.749921207383025 
38.765988152921835 
40.94866635302139 
43.316584147920665 
45.892034604343195 
48.70043492319813 
51.77058131409201 
55.136765976604075 
58.8394074091785 
62.9244893325181 
67.45072485473575 
72.48507597173902 
78.10965104899519 
84.45005921912616 
91.67789614693396 
99.40538426325318 
108.4976096789196 
118.92788339770419 
130.8814838008561 
144.7782568488895 
161.02569254617183 
180.189240727661 
203.01555870750798 
230.54932996295642 
264.04111492514517 
305.5282038886615 
357.73891362648686 
424.9280873342593 
688.634515891179 
952.3409444480753 
1216.0473730049716 
1479.753801561868 
1743.4602301187879 
2007.1666586756842 
2270.8730872325805 
4329.882658344437 
10478.426144285335 
45295.15278333014 
77559078991.7172 
