0.5579877540205037 
0.7013696567730734 
0.8488444766388489 
1.020959994995555 
1.216490320880732 
1.4137900511551058 
1.6332148142197678 
1.8742936654315114 
2.11719734655853 
2.3625773046192777 
2.630806114414116 
2.902798940231427 
3.1791907822848295 
3.4607208260863995 
3.7678480358720576 
4.071309523712118 
4.381615680783883 
4.709491747369846 
5.045468809067573 
5.378836255909337 
5.731690524001207 
6.088111254948353 
6.453916978924139 
6.829476547808401 
7.215177209231141 
7.611488522677767 
8.012362832777216 
8.431004890417267 
8.854622896761397 
9.286662890761342 
9.731105162568538 
10.188232506955629 
10.658798037824518 
11.135036931027892 
11.625458104582847 
12.130031373018404 
12.649729888979081 
13.176343032146637 
13.723067318299295 
14.277262860927687 
14.850322923211005 
15.436349229060824 
16.03792130773102 
16.657882039121112 
17.29201126155467 
17.940606812837636 
18.609287811724517 
19.29642878472749 
19.999731461928135 
20.72540223763129 
21.468073009532823 
22.231734879092514 
23.017105675541362 
23.822933214314876 
24.651970232454048 
25.50495128954252 
26.380860282887898 
27.28238092339662 
28.210657862981115 
29.16422230766909 
30.14529402251548 
31.156089499730648 
32.19515313864195 
33.26602337601904 
34.36883259086995 
35.50335363824136 
36.67314032724246 
37.878647888663124 
39.120002030883946 
40.400445548024585 
41.71998355967124 
43.08189571506936 
44.48543207980042 
45.93396504015975 
47.42791418418164 
48.9705772689672 
50.562591000818216 
52.20739555699529 
53.9057861495869 
55.659963982366705 
57.472875693488724 
59.34718880794701 
61.285198125467936 
63.289484449194354 
65.36291374196537 
67.50744090869203 
69.72773581411192 
72.02684019061064 
74.40779231338274 
76.87384426768699 
79.42983962200076 
82.07907329300673 
84.82603239648317 
87.67593851365889 
90.63195064929562 
93.70149534920675 
96.88711159135326 
100.19640976332192 
103.6340338296445 
107.20778283384158 
110.92338736834411 
114.78831864260874 
118.81106084710432 
122.99644360597263 
127.35602797608202 
131.89793553021315 
136.63168082446344 
141.56750851375622 
146.71630589621017 
152.08984423247847 
157.69987603726426 
163.56022809967314 
169.68486626737553 
176.08849169477804 
182.78821167529077 
189.79969419228618 
197.1416673425305 
204.83500188584827 
212.90127436426323 
221.3614268478431 
230.24042505738947 
239.5662767206141 
249.3646698151917 
259.66783924018944 
270.50801866442464 
281.9221150228879 
293.9477963105122 
306.6253302679557 
320.0038184084025 
334.1273623003404 
349.049790662 
364.83036358057484 
381.53397698355127 
399.22433402282707 
417.97883452936827 
437.87861893335736 
459.01742856902155 
481.48070718244503 
505.3850581039219 
530.8452178607994 
557.9931846168158 
586.9715577784245 
617.9362602771395 
651.0563724926221 
686.5304476860682 
724.5716175314186 
765.4232368239376 
809.3376446954021 
856.6211818916652 
907.5936633225729 
962.6506176769722 
1022.1750497422494 
1086.6594001214012 
1156.6201950707382 
1232.6910255010566 
1315.5357521679412 
1405.9323234524022 
1504.7653844215472 
1613.04283795205 
1732.0962841783958 
1863.2613406796643 
2008.310575054097 
2169.254202280278 
2349.175337121481 
2552.3091135342415 
2787.918576266556 
3002.3970231612057 
3277.4403808142174 
3587.2592368857086 
3937.5648683411637 
4335.24065404994 
4788.627943805761 
5307.89695533655 
5905.555051787616 
6597.061942162545 
7401.70353181819 
8343.765213474575 
9454.128153573425 
10772.275436953227 
12356.642089562138 
14253.251089865125 
16572.71377747103 
19429.163879223623 
63964.062266970446 
108498.96065471727 
153033.85904246412 
197568.7574302149 
242103.65581796173 
286638.55420570855 
331173.4525934554 
375708.35098120617 
420243.249368953 
464778.1477566998 
509313.04614444665 
553847.9445321974 
598382.8429199443 
642917.7413076911 
1673064.4602496892 
6222568.219029228 
55206120.37687936 
1.2182369976911125e+17 
