13.581955694002803 
13.421822908933128 
13.175551364870701 
12.968954998300465 
12.68833535918292 
12.446559486266086 
12.141429401040364 
11.873642282163129 
11.55304365584653 
11.268534702109086 
10.942202269441468 
10.651122427650405 
10.38973839569955 
10.097028375275128 
9.834075436928273 
9.572713713069351 
9.336674507935626 
9.122398393296713 
8.908258703307764 
8.713182400981205 
8.534729829584771 
8.370879710677526 
8.205824808027948 
8.053979243991645 
7.907679164160382 
7.778360564742507 
7.647438974273601 
7.5312852602564195 
7.418347591262769 
7.313244071453432 
7.210866705037841 
7.115386406673402 
7.026187523114 
6.940848049731642 
6.859150024103849 
6.780893339665714 
6.7075302395488405 
6.637111760235386 
6.570994634619676 
6.507420456504877 
6.4462753088997236 
6.3881169015223165 
6.33276912623127 
6.279456603718001 
6.229283271741404 
6.180334907092329 
6.134258984971984 
6.089815242177116 
6.0474626518374786 
6.007098340237643 
5.968148010939828 
5.931034196160736 
5.895673382071278 
5.861770297243847 
5.829273133988021 
5.798133222775237 
5.768503510974827 
5.740130989831596 
5.712976380796646 
5.687184466479644 
5.6625285166668995 
5.639062308757986 
5.616665431306983 
5.5954722611487275 
5.5752853862334755 
5.556157649833902 
5.538060356053714 
5.520893615184882 
5.504780301401702 
5.4895525025191185 
5.475261145602087 
5.461885634796149 
5.449471282910686 
5.437869597573367 
5.427130150243994 
5.417297471119566 
5.408294509676884 
5.400108271806173 
5.392782804909241 
5.386248709479763 
5.380522913905834 
5.375620829520023 
5.371505654605953 
5.368193742711049 
5.36567598219497 
5.363967927409479 
5.363014367426792 
5.362879189319455 
5.363520767608115 
5.364945069193912 
5.36717986563727 
5.37019852880648 
5.374018395880522 
5.378636261255217 
5.3840691823759945 
5.390305363782044 
5.397372136588964 
5.405258974107075 
5.413993264043335 
5.42356631902228 
5.433996770718875 
5.445295282544369 
5.4574725522485386 
5.4705402018683 
5.484514467759188 
5.499411978584395 
5.515249838406558 
5.5320383892721186 
5.549800189792141 
5.568550942101729 
5.588321159729643 
5.609121406332652 
5.630977186527193 
5.65391474012751 
5.677961011774189 
5.7031381832165255 
5.729481519420596 
5.757015584661571 
5.785775438612035 
5.815791597774912 
5.847101753709704 
5.879742664701222 
5.913755072137875 
5.94917727400029 
5.986056345372606 
6.0244373035524 
6.0643693473062 
6.105902728415938 
6.149092510299184 
6.19399786400013 
6.2406778195758825 
6.289197497467302 
6.3396262603859626 
6.392035179572775 
6.446501123629827 
6.503105971873891 
6.561935922892313 
6.623083109948529 
6.686645064706857 
6.7527262042884715 
6.821437745284656 
6.892898473399523 
6.967233410707718 
7.044580322155913 
7.125082365266922 
7.208896403339747 
7.296188325741683 
7.387139534513365 
7.481941822268374 
7.580802085455319 
7.683952083026438 
7.791623937685155 
7.904090073120584 
8.02164016816523 
8.144574865900438 
8.273240734061718 
8.4079989043646 
8.549272227390494 
8.697474609634522 
8.853118103548411 
9.016737597273835 
9.188909197610794 
9.370300978505963 
9.561612277586324 
9.763702993730455 
9.977397458245676 
10.203770245201198 
10.443987669730312 
10.699255486802965 
10.971088803719253 
11.261302784357518 
11.571749557410296 
11.905520632776753 
12.266025376360414 
12.658588829765124 
13.098265137689038 
13.625294617946379 
13.990497658390524 
14.521655542963392 
15.10314404579101 
15.742487957356943 
16.44879779695967 
17.233246386561778 
18.10956796527445 
19.094849020441895 
20.211148683819964 
21.487089788616917 
22.954860311305154 
24.6816714407522 
26.840418235529913 
31.58876175931352 
36.33710528309671 
41.0854488068799 
45.833792330663094 
50.582135854446705 
55.330479378229896 
60.07882290201309 
81.99651891164635 
126.01796963884016 
258.63921139453333 
333317.4186878909 
