0.9999999999155871 
0.9999999999291198 
0.9999999999485396 
0.9999999999357327 
0.9999999999246018 
0.9999999999145509 
0.9999999999052747 
0.9999999999482956 
0.9999999997209559 
0.9999999958795156 
0.9999999666838277 
0.9999998186077446 
0.999999260481623 
0.9999975802501382 
0.9999933375992404 
0.9999840116275844 
0.9999656687461693 
0.9999327077842193 
0.9998907429740387 
0.9997982582326648 
0.9996669401596333 
0.9994820201599507 
0.9992291501812465 
0.9988927722764835 
0.9984572154944216 
0.9979059511766548 
0.9972227589954568 
0.9963909541424125 
0.9953939089360684 
0.9942153887132161 
0.9928399120884175 
0.991252128538729 
0.9894368743979824 
0.9873802697113683 
0.9850690648025471 
0.9824904399653389 
0.9796315017255643 
0.9764809541885413 
0.9730286623551185 
0.9692634363257214 
0.9651758562486326 
0.9607566209601814 
0.9559971420090874 
0.9508895792837997 
0.9454250291547411 
0.9395996730994461 
0.9334037250448382 
0.9268312569855328 
0.9198791338975131 
0.9125380000956143 
0.9048064522677901 
0.8966781014062828 
0.8881493863096788 
0.8792142457053255 
0.8698694949339962 
0.8601121730061401 
0.8499395366214193 
0.839351902105429 
0.8283384016012506 
0.8168996494679921 
0.8050365674704836 
0.792750377178822 
0.7800306617901114 
0.7668728881604697 
0.7532847396423119 
0.7392560223458049 
0.7248010951017313 
0.7099038775017812 
0.6945604932654359 
0.6787924190340727 
0.6625837495926243 
0.6459053990195605 
0.6288051862025735 
0.6112803923289991 
0.5933020844346044 
0.574840617973235 
0.5559721721552093 
0.5366947576879325 
0.5169524178219613 
0.4967421297846141 
0.4761156362229577 
0.4550710769674383 
0.4334957561951234 
0.4116088869361957 
0.3892985329120099 
0.3664499837888284 
0.3431730876040934 
0.31958046949295005 
0.29578747578454817 
0.2713338131339702 
0.24714442790082694 
0.22229368774865413 
0.19724653209779153 
0.17295149588505088 
0.14942623135808958 
0.125731584558545 
0.10475425136516091 
0.0855747292385817 
0.067252840291252 
0.052734375 
