1 
1 
1 
1 
1 
1 
0.9999999999426774 
0.9999999999376101 
0.9999999999328335 
0.9999999999282951 
0.9999999999239569 
0.9999999999197902 
0.9999999999157724 
0.9999999999118859 
0.9999999991730459 
0.9999999962736086 
0.9999999862225686 
0.9999999569587459 
0.9999998810093746 
0.9999997053955252 
0.9999993347138189 
0.9999986117588611 
0.9999972933779847 
0.9999950260007762 
0.9999913186956081 
0.9999855195155526 
0.9999767942211937 
0.9999641088960703 
0.9999462185069887 
0.999935413335999 
0.9998971123751106 
0.9998511643418848 
0.9997939176249582 
0.9997227192825096 
0.9996349326631132 
0.9995276356295273 
0.9993980966795208 
0.9992433102737159 
0.999060488154335 
0.9988465780516903 
