31.03100000001494 
31.00600000001491 
31.150000000015087 
30.748000000014596 
30.444000000014224 
30.224000000013955 
29.29311837091069 
29.367345160324 
27.39877425514071 
24.557810814747928 
22.333333991049617 
20.518788828503784 
19.00606135670848 
17.724040501112338 
16.62380220926539 
15.668979022874327 
14.83235649060943 
14.093157151830379 
13.520695974930343 
12.87014946850986 
12.323099624173473 
11.836587569019326 
11.39675084636426 
10.995546839212437 
10.627833235721875 
10.289366010218329 
9.976853353264804 
9.687391344363096 
9.41853032744462 
9.168198166773744 
8.934628797775268 
8.716250748306617 
8.511683017784454 
8.319749872965307 
8.139407479379575 
7.969724560174903 
7.809865282273452 
7.6591067941453055 
7.516805771278471 
7.382368960428815 
7.255278126081719 
7.1350646300881975 
7.021308745867041 
6.913632852649998 
6.8116948490778215 
6.715191393355767 
6.623843197174908 
6.537403139968411 
6.455644836898381 
6.378371666585839 
6.3053984704022845 
6.236567001876747 
6.171732720658553 
6.110775145705315 
6.053583754623734 
6.000062658590804 
5.950130633311729 
5.903710098887812 
5.860777696586062 
5.8212856353697475 
5.785197496965163 
5.752488786847095 
5.723198093225654 
5.697358827184838 
5.674966465897513 
5.656113442903091 
5.640796403509772 
5.629175971273768 
5.62138139340232 
5.617432534342136 
5.617568912850795 
5.622148672893486 
5.631129900370941 
5.644783728500408 
5.66359945688573 
5.68815739216831 
5.718392026978942 
5.7548001730307 
5.798392505306114 
5.8499456887565655 
5.909911204983313 
5.979311732076595 
6.060492870213287 
6.152845179322213 
6.259271087649265 
6.383536280497343 
6.527478401335369 
6.693265170804121 
6.883443660195037 
7.112082338126809 
7.369651857787778 
7.68544861906971 
8.065589872105706 
8.498374263990868 
8.99518823611093 
9.62243530929349 
10.251209228466415 
10.913363750579842 
11.688348402388524 
12.276901490734167 
