24.91217374985625 
24.843209623892797 
24.92639990082916 
24.462150402069682 
24.071414965932288 
23.724348802302625 
20.08371214222107 
16.945381907027585 
14.578721036571478 
12.735786237810153 
11.25888118151347 
10.048019080766796 
9.149386274414272 
8.197089340350844 
7.446203079232062 
6.803408122038608 
6.242231594882164 
5.747181064653059 
5.307741019498426 
4.915661151529535 
4.564259611152621 
4.2483929076619456 
3.963646188676601 
3.706437529974261 
3.4737058913540566 
3.2628388143361455 
3.0715441447566025 
2.8978338787007285 
2.739938666254425 
2.596295358399833 
2.4654964021921293 
2.3462960829904085 
2.237558834344117 
2.138286272541533 
2.0475680620829446 
1.9645917188448456 
1.888626985645371 
1.8190209864589149 
1.7551859745856817 
1.6965960492933227 
1.6427795723089145 
1.5933167872389167 
1.547825225355223 
1.5059688604188306 
1.467441207784745 
1.431972035951191 
1.3993156473954707 
1.3692552758741117 
1.341592910923559 
1.3161507400693222 
1.2927749440018204 
1.271322358802037 
1.2516662047421565 
1.2336931395588366 
1.2173042258788365 
1.202408685694478 
1.1889274114989699 
1.1767904125395239 
1.165935481459277 
1.1563103853929864 
1.147868947661142 
1.1405724248477989 
1.1343889605723902 
1.1292949245266677 
1.125269038819709 
1.1223013161406628 
1.1203878210770502 
1.1195248689126727 
1.1197279949913908 
1.1210063776657866 
1.123382814529798 
1.1268890689261275 
1.131578491340939 
1.1374780904509794 
1.1446777996511097 
1.1532411787125658 
1.1632600762674559 
1.17486584672588 
1.1881497078678842 
1.2033145288678133 
1.220500235895595 
1.2400545912238026 
1.2621440702250233 
1.2870989987252561 
1.315505035297021 
1.3477343306392964 
1.3844358295038341 
1.4264398489488082 
1.4745224636690446 
1.5306771757575834 
1.5961699921170849 
1.6714710676786104 
1.7612553299061031 
1.8672838964487088 
1.9907040431073584 
2.1356642638300625 
2.3139953776062128 
2.5062378456391783 
2.722338131589076 
2.958688916537983 
