26.14233536623678 
26.064198852341992 
26.141099432729163 
25.66129586584563 
25.256465180364785 
24.896247411958015 
24.56675542087137 
24.947726502419723 
23.069740753139822 
20.227959372680896 
18.005589054097502 
16.19305913285013 
14.681708417016258 
13.400227567110965 
12.299769333630989 
11.343969914009872 
10.50563808760577 
9.764041309631668 
9.214252556887237 
8.542812106530274 
7.98659232162198 
7.493701431033356 
7.048365430562325 
6.641823008573104 
6.268898179145488 
5.925317101404418 
5.607929583889464 
5.313893349726346 
5.040833339323691 
4.78677020021686 
4.550047149588839 
4.329155875157717 
4.12275188716458 
3.9297238671775343 
3.749069755752033 
3.5798735034640736 
3.421279755160993 
3.2725663926095927 
3.1330855172973404 
3.00218484786645 
2.8793066555280005 
2.763922868665364 
2.655549038950351 
2.553739465386812 
2.4580562650372175 
2.368156266607182 
2.2836332923690517 
2.204157080503589 
2.1294380135677082 
2.059147927519276 
1.9930438091792821 
1.9308579455571966 
1.8723590484724104 
1.8173173642555787 
1.7655340527115038 
1.7168235698750005 
1.6710131147494354 
1.627950939860719 
1.5874627351788442 
1.5494235909693144 
1.513715794286873 
1.4802293509188793 
1.448841480676059 
1.4194549890003505 
1.392000296583925 
1.3663882508936431 
1.342570260346494 
1.32046920154354 
1.300034506483646 
1.2812419555700074 
1.2640454620715176 
1.2484086270641728 
1.2343432796469096 
1.2218390032270516 
1.2108936101944139 
1.2015277999521856 
1.1937840933775494 
1.187701692249657 
1.1833500109643647 
1.1808245702002524 
1.1802262139184638 
1.1816937638531757 
1.1854729940281508 
1.1916680097022367 
1.2006232289664858 
1.2128237158492985 
1.2286728847917538 
1.2486470320425735 
1.2733180771386596 
1.3044919429906967 
1.3418168195989313 
1.3890824092335428 
1.4481274039363474 
1.5191463036593582 
1.605434389908671 
1.7183000508633686 
1.8460753565777976 
1.9976043560220864 
2.1926508483571787 
2.389025396043962 
