333317.4186878909 
316.463467563147 
154.90560662754493 
101.20163133121346 
74.4347560801045 
58.42830534786267 
54.620555574900834 
50.81280580193941 
47.00505602897758 
43.19730625601615 
39.38955648305432 
35.58180671009289 
31.77405693713106 
27.966307164169223 
25.684130700384323 
24.11654666876367 
22.750985321910722 
21.55700924415437 
20.489367971039158 
19.535100650848232 
18.675747708307078 
17.898014063147354 
17.190596436256918 
16.544501599172897 
15.952000983763503 
15.40668417314386 
14.903128625225193 
14.436698829313526 
14.00342724807995 
13.758133185548173 
13.286090673706418 
12.899659584202178 
12.554180565763588 
12.236683742395451 
11.941063426279959 
11.663501811618348 
11.402024291654293 
11.154898839753528 
10.9210271779525 
10.699255486802965 
