1645.0737643507377 
1403.5153325468746 
1178.576750773615 
928.6658747630574 
703.970599652052 
502.35310998697184 
350.670031700924 
258.8406944428386 
199.02270100983236 
157.86087926907152 
128.30985285585587 
106.36536016322715 
89.82388393515104 
76.56568558471646 
66.11831649388787 
57.67619199228282 
50.7457013072224 
44.981043144666664 
40.1330285202038 
36.01551518233404 
32.4869176342681 
29.439344563962738 
26.787936876291976 
24.466167908457777 
22.420865267663316 
20.60924661753461 
18.9964514268424 
17.5539845055645 
16.258267866094823 
15.089710999687632 
14.031882678738183 
13.070987787970182 
12.195237036689463 
11.394711020066579 
10.660841246200166 
9.98627440774731 
9.364652066592805 
8.790469030403896 
8.25891954510199 
7.765802222548382 
7.307432169456401 
6.880592325880248 
6.482364572325183 
6.1102656763242145 
5.761993580148553 
5.435576637886395 
5.129211247414133 
4.841281519150302 
4.570366504517286 
4.31511880991389 
4.074411906446419 
3.8471861923950312 
3.632462079085732 
3.429353931038709 
3.2371108194450313 
3.054990445881283 
2.8823364308613737 
2.71856172387943 
2.5630672100503897 
2.4153947905328366 
2.275064022526098 
2.1416470632172477 
2.014764688905439 
1.89400554527317 
1.7790995935022413 
1.669695808826972 
1.5654830405758118 
1.4662625306659105 
1.3717108697087506 
1.2816558485596938 
1.1958719289806115 
1.1141641699604246 
1.0362990046514164 
0.9621911947238376 
0.8915945333757063 
0.8244062536475764 
0.760487056744262 
0.6996708418925297 
0.641913320541344 
0.5870310491104145 
0.5349982808593821 
0.48556619907748294 
0.4388014454518656 
0.39461494541562514 
0.35280080792586876 
0.31342047742780316 
0.2764026476318237 
0.2416833248143087 
0.20930413606661927 
0.17900093780408 
0.1509213284611738 
0.12534357704531288 
0.10182921687025276 
0.08063791947740545 
0.06198275475876878 
0.04575846364052038 
0.03162683802112863 
0.02066713452689229 
0.01226797273815619 
0.00635541631840881 
