77559078991.7172 
68145.49164487646 
15976.668306319243 
6681.409051978693 
3544.347454247866 
2142.731216812572 
1931.3582864182072 
1719.9853560238657 
1508.612425629501 
1297.2394952351597 
1085.866564840795 
874.4936344464534 
663.120704052089 
451.7477736577242 
389.88313789938627 
340.28743410445685 
299.6598322856295 
265.9393439716939 
237.63662037726175 
213.6509396725107 
193.14129657404777 
175.46504659069316 
160.1208711851951 
146.71447206299453 
134.93118313249715 
124.51797004220518 
115.26935242561213 
107.01701529442164 
99.62205969690999 
93.2981560135298 
87.1113279120643 
81.5896980648867 
76.6040352030204 
72.07477396547772 
67.94143910219249 
64.15408693331628 
60.674500446292235 
57.468722460573446 
54.50916199624214 
51.77058131409201 
