29.890000000013547 
29.91000000001357 
30.118000000013826 
29.69660353562991 
28.699852719959214 
28.110802609861153 
24.436283047387878 
21.294665647780135 
18.92668345094506 
17.08361695952012 
15.60777963956915 
14.399124039557217 
13.483284804354875 
12.551616645667506 
11.808212598271108 
11.171017069596203 
10.61487154226087 
10.124400699582509 
9.688768639558027 
9.299436582723555 
8.949525957057284 
8.633637596413964 
8.347249542981267 
8.086688022712252 
7.848878053548165 
7.631244212139491 
7.431597577074872 
7.2480822427089935 
7.079102696111937 
6.923285363018257 
6.779435960244683 
6.64651599706438 
6.523613913359179 
6.409929017291262 
6.3047537484707155 
6.207460833581595 
6.117493031902454 
6.034352734782567 
5.957596095277983 
5.886825556716915 
5.821685249656298 
5.761851626165312 
5.707042826644173 
5.656996290513678 
5.6114854587166185 
5.570299006966698 
5.53325514126085 
5.500182248020335 
5.470939221377121 
5.445409072459974 
5.4234593906849895 
5.405003684032835 
5.3899651326259255 
5.378284499684061 
5.369889493080267 
5.364754885748125 
5.362852788321656 
5.364161697284481 
5.36872775645471 
5.376508033897032 
5.387579656004938 
5.401951503647981 
5.419695487285188 
5.440959637027781 
5.465719623282177 
5.494184133284326 
5.526524977390932 
5.56278404944902 
5.603325918141844 
5.64823388036519 
5.69777115789476 
5.752237842732757 
5.812183787761369 
5.877599147086661 
5.949363315320763 
6.027788806892725 
6.11347535236659 
6.207408562837989 
6.309837770791053 
6.422320345284971 
6.545321039558741 
6.681685448666045 
6.831577932908872 
6.9968288876466875 
7.181809810729962 
7.387582279297689 
7.617665894056984 
7.876509163741291 
8.166370924517565 
8.501141353490647 
8.883175598395121 
9.302163097937484 
9.787448176192363 
10.327821783908785 
10.897755039743254 
11.493064351132439 
12.15883653506458 
12.699495913121563 
13.180625218495884 
13.581955694002803 
