0.500001 
0.5010266153846155 
0.5020522307692308 
0.5030778461538462 
0.5041034615384615 
0.505129076923077 
0.5061546923076924 
0.5071803076923077 
0.5082059230769231 
0.5092315384615385 
0.5102571538461539 
0.5112827692307692 
0.5123083846153846 
0.5133340000000001 
0.5143596153846154 
0.5153852307692308 
0.5164108461538461 
0.5174364615384616 
0.518462076923077 
0.5194876923076923 
0.5205133076923077 
0.5215389230769231 
0.5225645384615385 
0.5235901538461539 
0.5246157692307692 
0.5256413846153847 
0.526667 
0.5276926153846154 
0.5287182307692309 
0.5297438461538462 
0.5307694615384616 
0.5317950769230769 
0.5328206923076924 
0.5338463076923077 
0.5348719230769231 
0.5358975384615385 
0.5369231538461539 
0.5379487692307693 
0.5389743846153846 
0.54 
