77559078991.7172 
68145.49164487646 
15976.668306319243 
6681.409051978693 
3544.347454247866 
2142.731216812572 
1065.8185875070494 
966.3108836589861 
869.9062076078142 
778.411975969799 
690.9634510481859 
607.1124078226647 
526.6609538896734 
451.7477736577242 
389.88313789938627 
340.28743410445685 
299.65983228562953 
265.9393439716939 
237.6366203772618 
213.6509396725107 
193.14129657404774 
175.46504659069322 
160.12087118519509 
146.71447206299453 
134.93118313249713 
124.51797004220514 
115.26935242561213 
107.01701529442163 
99.62205969690999 
93.2981560135298 
87.1113279120643 
81.5896980648867 
76.6040352030204 
72.07477396547772 
67.94143910219249 
64.1540869333163 
60.674500446292235 
57.468722460573446 
54.50916199624215 
51.77058131409201 
