0.9999999999155871 
0.9999999999291198 
0.9999999999485396 
0.9999999999357327 
0.9999999999246018 
0.9999999999145509 
0.9999999972529632 
0.9999999447279948 
0.9999994754527258 
0.999997006199294 
0.9999880080182673 
0.999962826792206 
0.9999150647803446 
0.9997934327073139 
0.9995869630942789 
0.9992544792331884 
0.9987529890225935 
0.9980371916169863 
0.9970623219753247 
0.9957849571195525 
0.9941635691445273 
0.9921613986618365 
0.9897447128118135 
0.9868850238793796 
0.9835582879962153 
0.979745401487077 
0.9754313131303698 
0.970605790260703 
0.9652623373065173 
0.9593986184628056 
0.9530151769366544 
0.9461164918409015 
0.938708561404755 
0.930801421062501 
0.9224061029503183 
0.9135358551372077 
0.9042053064821511 
0.8944306691658908 
0.8842288394273679 
0.87361757337107 
0.8626151102079942 
0.8512409566985166 
0.8395128540109145 
0.8274507925527776 
0.8150727556046922 
0.8023982328350638 
0.7894450803358792 
0.7762325376608437 
0.7627773678431806 
0.7490949578197684 
0.7352051473089706 
0.7211224038423427 
0.7068615653201704 
0.6924364648164536 
0.6778639961496237 
0.6631558747220974 
0.6483253972484213 
0.6333860846750297 
0.6183444899596344 
0.603218719181922 
0.5880140736513402 
0.5727446119094456 
0.5574186372205386 
0.5420384312711155 
0.5266242748419188 
0.5111754371407314 
0.4956970500648599 
0.48020659161104656 
0.4646967521009456 
0.44918501586978243 
0.4336764263028102 
0.4181759332381527 
0.40267545839115515 
0.3872055510935831 
0.37174492752701294 
0.3563111284179926 
0.34090867583311946 
0.3255286051698441 
0.3102020051056962 
0.29490626111862495 
0.2796726796781926 
0.2644505996462643 
0.2492987305431073 
0.23422135000569727 
0.2191665341304201 
0.20419386000787848 
0.1893074060497582 
0.17451118451085218 
0.15986663913813012 
0.1452629966761967 
0.13081940130948377 
0.11677457017183193 
0.10290182499674062 
0.08944230768351283 
0.07664223437698647 
0.0645136648777429 
0.05282807475261385 
0.04256000984229935 
0.03324643342687057 
0.02490234375 
