0.500001 
0.5025262424242425 
0.5050514848484848 
0.5075767272727273 
0.5101019696969697 
0.5126272121212121 
0.5151524545454546 
0.517677696969697 
0.5202029393939395 
0.5227281818181818 
0.5252534242424243 
0.5277786666666667 
0.5303039090909091 
0.5328291515151515 
0.535354393939394 
0.5378796363636363 
0.5404048787878788 
0.5429301212121213 
0.5454553636363637 
0.5479806060606061 
0.5505058484848485 
0.553031090909091 
0.5555563333333333 
0.5580815757575758 
0.5606068181818182 
0.5631320606060606 
0.565657303030303 
0.5681825454545455 
0.5707077878787878 
0.5732330303030303 
0.5757582727272728 
0.5782835151515151 
0.5808087575757576 
0.583334 
0.5858592424242425 
0.5883844848484848 
0.5909097272727273 
0.5934349696969697 
0.5959602121212121 
0.5984854545454545 
0.601010696969697 
0.6035359393939395 
0.6060611818181818 
0.6085864242424243 
0.6111116666666667 
0.6136369090909091 
0.6161621515151515 
0.618687393939394 
0.6212126363636363 
0.6237378787878788 
0.6262631212121212 
0.6287883636363636 
0.631313606060606 
0.6338388484848485 
0.6363640909090909 
0.6388893333333333 
0.6414145757575758 
0.6439398181818182 
0.6464650606060606 
0.648990303030303 
0.6515155454545455 
0.6540407878787879 
0.6565660303030303 
0.6590912727272727 
0.6616165151515152 
0.6641417575757576 
0.666667 
0.6691922424242425 
0.6717174848484848 
0.6742427272727273 
0.6767679696969697 
0.6792932121212121 
0.6818184545454545 
0.684343696969697 
0.6868689393939393 
0.6893941818181818 
0.6919194242424243 
0.6944446666666666 
0.6969699090909091 
0.6994951515151515 
0.7020203939393939 
0.7045456363636363 
0.7070708787878788 
0.7095961212121212 
0.7121213636363637 
0.714646606060606 
0.7171718484848485 
0.719697090909091 
0.7222223333333333 
0.7247475757575758 
0.7272728181818182 
0.7297980606060606 
0.732323303030303 
0.7348485454545455 
0.7373737878787878 
0.7398990303030303 
0.7424242727272727 
0.7449495151515151 
0.7474747575757575 
0.75 
