166976.94784791637 
146775.93640640142 
129063.55682725759 
106121.08448570182 
86276.19809073658 
68716.90303893457 
52754.55820459671 
39198.81726432097 
26696.769596066566 
18863.524794464345 
13836.9674591016 
10457.891677547528 
8100.568409782358 
6404.858981538388 
5153.307366708848 
4208.988544638136 
3482.771742753614 
2914.911392414396 
2475.244509210658 
2105.251469261977 
1808.5818567547994 
1565.779844159911 
1364.6962007319648 
1196.5036373858861 
1054.7068224394454 
934.2694687065307 
831.3133100921319 
742.7542545489899 
666.1442479586382 
599.5250002743502 
541.3181460501179 
490.2302484249896 
445.19558170773064 
405.3442811917451 
369.9503993328476 
338.40594037292203 
310.19598704397026 
284.89261491579816 
262.1314837903369 
241.59870232680385 
223.02827447739952 
206.19043667214083 
190.8875580919092 
176.9491533104422 
164.22475342024143 
152.58805500984693 
141.92285476026197 
132.13036344565273 
123.12473800531326 
114.82654755185982 
107.16950391350589 
100.09258549838697 
93.5426589029065 
87.47017374186113 
81.83332692350449 
76.59449657546774 
71.719309664456 
67.17750630056557 
62.93955209087976 
58.98195201589784 
55.28209339338207 
51.820028938334374 
48.57648914771569 
45.53339497290735 
42.677834884150535 
39.99475122297841 
37.47230702090997 
35.098173605273445 
32.86148595226639 
30.754052337713485 
28.76634147700909 
26.88721783266088 
25.113478635460424 
23.437659466290988 
21.85164691694517 
20.34792376697816 
18.92533726138149 
17.57853769532001 
16.300231110581013 
15.08581262393483 
13.933923180985033 
12.840531544394393 
11.797722003832423 
10.810414581794957 
9.871398164947399 
8.973881659572926 
8.119306853217019 
7.307727666817074 
6.539107809507242 
5.799171492187294 
5.107456531989637 
4.438636147217472 
3.8006672118314704 
3.20883424798992 
2.657895448171667 
2.122565625566612 
1.6569664930994594 
1.2394443513511486 
0.8496934110649844 
0.5579877540205037 
