16607.83535570056 
16615.386562860946 
16638.068113182366 
16675.995416432223 
16729.305115816045 
16798.277359139578 
16883.19321499211 
16984.44898620144 
17102.550166900273 
17237.957601301372 
17391.40938998914 
17563.620938326505 
17755.467581859066 
17967.89428876247 
18201.983292118734 
18459.054044847286 
18740.491587526085 
19047.89992772343 
19383.090775269848 
19748.122106143735 
20145.26268967315 
20577.18360162305 
21046.81893455129 
21557.60144946099 
22113.28498110212 
22718.384848969126 
23377.83065890864 
24097.602814645245 
24884.22477910385 
25745.6674098597 
26690.837235048606 
27730.56725731476 
28877.270486613474 
30145.726446370558 
31553.801659126137 
33122.66036483407 
34878.15587035415 
36851.35744734132 
39081.11277946745 
41615.082275638335 
44513.75457675721 
47853.82887866204 
51734.140864858884 
56283.649616795126 
61676.0421064006 
68150.28999630698 
76062.74090256948 
86119.07528233182 
97853.60017168886 
113540.0534327212 
134398.3482869562 
162596.61737698506 
202940.83121021357 
263609.0089537988 
361989.6559132921 
678156.3233876372 
1001292.774419125 
1331557.5191501714 
5958706.132966936 
63719941178058.05 
