0.00712508236526694 
0.007126270089980895 
0.007129836394164767 
0.007135797052283687 
0.007144169822088963 
0.007154988388101265 
0.007168290296547439 
0.007184125048830871 
0.007202553609410364 
0.007223640871484806 
0.007247471537344084 
0.007274136082718378 
0.007303740836979573 
0.007336401129991639 
0.007372248302169286 
0.0074114368876318625 
0.0074541291103136596 
0.007500511015066731 
0.007550790212949932 
0.007605198622709495 
0.007663987698125667 
0.007727449555228503 
0.00779589945277873 
0.007869699229256524 
0.007949240471913303 
0.008034980062983765 
0.008127409255355407 
0.008227117315317705 
0.00833472114818754 
0.008450969118510064 
0.008576667957721117 
0.00871279110073574 
0.008860406025694918 
0.009020755718875057 
0.00919531682188504 
0.00938576612140304 
0.00959411572017839 
0.009822658333823266 
0.010074229135361148 
0.010352121620535119 
0.010660439566443986 
0.011004181715258696 
0.011389564326196725 
0.011824423952479544 
0.012319533945796279 
0.01289104467750262 
0.013573593531121083 
0.014591432316739211 
0.015185468994377305 
0.01626157230260102 
0.017575930365422144 
0.019217480941201334 
0.02132579226008288 
0.024139078426705905 
0.028263927536370984 
0.036421313097534734 
0.04493179662751003 
0.05381982633187192 
0.11163708751913602 
355.88561620956955 
