686.5304476860728 
686.9944888264196 
688.3965251911926 
690.7345686352811 
694.0271086274257 
698.300471711019 
703.5681485821822 
709.8732577026251 
717.2539165263424 
725.7402623260139 
735.4059695623281 
746.3178335397549 
758.5418198953671 
772.151635174412 
787.2557716498408 
803.9595497650892 
822.406715041337 
842.7194083962875 
865.0615522365811 
889.6484322258946 
916.6767623420898 
946.4003245471011 
979.1139239982203 
1015.1229121991637 
1054.8562241182296 
1098.7339982383369 
1147.2850199534023 
1201.1275108573839 
1260.9838397185513 
1327.6964720620724 
1402.3411160493936 
1486.154910871095 
1580.5919755661237 
1687.514235673901 
1809.392935060522 
1948.9242467243216 
2109.872064944226 
2298.1019501873784 
2522.155287670673 
2756.256736207403 
3054.488200405303 
3429.1291646602776 
3846.1584005046334 
4419.755269890127 
5055.4942322533925 
5849.7160969487795 
6915.5832724509955 
8299.39976207843 
10168.419532376178 
12757.456387177586 
16475.75449849196 
58799.35145516298 
102252.61118987385 
146867.42363815792 
192679.0503494808 
239726.63791853827 
288053.83770885033 
337709.5601274312 
3134740.51674326 
1.0686289453430813e+17 
