0.21484375 
0.24207431498542425 
0.26954812877982115 
0.29727955890383984 
0.32437310501238636 
0.35110983744562874 
0.37657398439757617 
0.40059807833845995 
0.4235751622936713 
0.4454239999370073 
0.4660398867398673 
0.4855075285636641 
0.5041981637704471 
0.5218620602821935 
0.5388456135142137 
0.5548898735065617 
0.5703247715635937 
0.585032235666576 
0.5991351856057524 
0.6126558822044116 
0.6256616341035091 
0.6381697635575425 
0.6501496879482138 
0.6617092654914911 
0.6728610191195256 
0.6836165767377953 
0.6939867846261543 
0.7040042042243629 
0.7136779194473042 
0.7230385811730569 
0.7320718859499246 
0.7408290929533021 
0.7492949756460983 
0.7574975661579897 
0.7654319935628746 
0.773125226267679 
0.7805823582273951 
0.787808271489211 
0.7948076541037514 
0.8016056724650759 
0.8081960072865371 
0.8145877541368922 
0.8207897401415281 
0.826810537060856 
0.832653474604489 
0.8383267450546605 
0.8438284475922848 
0.849171427677461 
0.8543584526594983 
0.859397054044972 
0.8642873551196388 
0.869034253720162 
0.8736425247763823 
0.8781191835717439 
0.8824640409815185 
0.8866815756164826 
0.8907773163354604 
0.8947520620850055 
0.8986111686701471 
0.9023564616081678 
0.905990858090596 
0.9095183326079621 
0.9129405444851518 
0.9162613347114588 
0.9194822619578631 
0.9226070413824548 
0.9256360536262999 
0.9285739931720837 
0.9314211670016849 
0.9341816105903711 
0.9368561011063334 
0.9394475096684629 
0.9419576057992148 
0.944388128592285 
0.9467413019250828 
0.9490187964409316 
0.951222508738951 
0.9533543016052053 
0.9554160047933138 
0.957408918472118 
0.9593350655875768 
0.961195940821747 
0.9629927716436915 
0.964727736876392 
0.9664017714726997 
0.9680167561191648 
0.9695737074122983 
0.9710743366965153 
0.9725199743354976 
0.9739119305189374 
0.9752516108224965 
0.9765401694559185 
0.9777790854447685 
0.9789694744723945 
0.9801125490365921 
0.9812096702001369 
0.9822619007812989 
0.9832705082957984 
0.9842365769166663 
0.9851613372653616 
0.9860458395876781 
0.9868912255469344 
0.9876985663414513 
0.9884690217986987 
0.9892035771602855 
0.9899033067172882 
0.9905692167582884 
0.9912023997691912 
0.9918038546651193 
0.9923745398486405 
0.9929154732873186 
0.9934276315463348 
0.9939119752702552 
0.9943694734466051 
0.9948010307764106 
0.9952076202650271 
0.9955901269642036 
0.9959494909950577 
0.9962865890725316 
0.9966023053551695 
0.9968975191776829 
0.9971730933828127 
0.9974298744044043 
0.9976687033936928 
0.9978904048347025 
0.9980957757614304 
0.998285618557714 
0.9984607293486099 
0.9986218659115392 
0.998769774830188 
0.9989052016078566 
0.9990288694562534 
0.9991414745023315 
0.9992437013557449 
0.9993362228569187 
0.9994196875383806 
0.9994947175722061 
0.9995619260997676 
0.9996218954196272 
0.9996751942020541 
0.9997223587179376 
0.9997639121101447 
0.9998003483032593 
0.9998321372339039 
0.999859727542608 
0.9998835370350998 
0.999903964449931 
0.9999213790176071 
0.9999361277321206 
0.9999485285733627 
0.999958878717828 
0.9999674464264313 
0.9999744791733058 
0.9999801993348769 
0.9999848066345222 
0.9999884785463404 
0.999991373117274 
0.999993627192679 
0.9999953604007308 
0.9999966743425758 
0.9999976559530728 
0.9999983775658856 
0.9999988986709276 
0.9999992681161456 
0.9999995247073465 
0.9999996989445903 
0.999999814446187 
0.9999998889854957 
0.9999999357595128 
0.9999999641835857 
0.9999999807289708 
0.9999999902446295 
0.999999995270944 
0.9999999976439005 
0.9999999992325084 
0.999999999583661 
0.9999999999187658 
1 
1 
1 
1 
1 
1 
1 
1 
1 
1 
1 
1 
1 
1 
1 
1 
1 
1 
1 
1 
1 
1 
1 
1 
