16.106696855518788 
17.183095549688566 
18.19199660276576 
19.152315219089484 
20.088458756490112 
20.97027265937701 
21.866375518769587 
22.730259173814346 
23.566315847418508 
24.42389098037746 
25.27514626998966 
26.115822179817023 
26.96719512209153 
27.80825735016866 
28.668410913438176 
29.52819840456715 
30.39495103645083 
31.270832678311336 
32.159495012102695 
33.0562686985925 
33.96110809217307 
34.88597980639675 
35.81617983873623 
36.76569007570041 
37.732188406354524 
38.70897493678445 
39.70383159514622 
40.718012805854414 
41.749538743556656 
42.80026056970205 
43.8725908377538 
44.96509194329557 
46.07545534154881 
47.212411269941796 
48.36914675935693 
49.54995355260008 
50.75906299014355 
51.98969118882168 
53.249871062905044 
54.53577903613398 
55.85327298688621 
57.197845966639115 
58.57244963173895 
59.981050267966445 
61.41987506671419 
62.893610003690235 
64.40143893637176 
65.94671729813074 
67.52916417610044 
69.15131646755756 
70.81266321483784 
72.51458754057043 
74.26176903668333 
76.0527894851972 
77.8885417763643 
79.77176516049063 
81.70582270065904 
83.6905181215685 
85.72795086109879 
87.82090933786218 
89.96933640120818 
92.17784001124868 
94.44685476207124 
96.7790426584264 
99.17778276658996 
101.6424853840508 
104.17860878312158 
106.78816629736147 
109.47458002202534 
112.23793664420813 
115.08451703238974 
118.01503425495403 
121.03443541127211 
124.14558110331664 
127.3521580235119 
130.6578087330927 
134.06714391826503 
137.58375280535134 
141.21033848897102 
144.95433378508238 
148.81919844233983 
152.81060132064323 
156.9326677139904 
161.19159428383517 
165.59351245604978 
170.14443558520767 
174.85034693615168 
179.71902712948892 
184.75639724960922 
189.97061685486548 
195.36954483177914 
200.9618199620561 
206.75720057384976 
212.7623613861368 
218.98864312681786 
225.4472458035978 
232.14900281204052 
239.10456817592822 
246.32611088112571 
253.8276283123487 
261.6233939501851 
269.7274708147756 
278.1538157037322 
286.92285679348686 
296.0482974053465 
305.54962054716214 
315.4473952971577 
325.7636207127048 
336.5184390102838 
347.73905455166124 
359.44683597573885 
371.67245295230674 
384.4452963461297 
397.7921592271983 
411.75035806060987 
426.35398185879234 
441.64274559783075 
457.65443757693225 
474.4366199782848 
492.03307681623767 
510.49725734333015 
529.8813978194274 
550.2446034716027 
571.6515136151813 
594.1706303249855 
617.8716082984596 
642.8387841082811 
669.1551975400324 
696.9178790437522 
726.2264335807898 
757.1878151538473 
789.9230612082209 
824.562229983368 
861.2502611532617 
900.14501649515 
941.3991903522914 
985.2178418909455 
1031.7939624273529 
1081.3434921431208 
1134.1238100497355 
1190.3953659873764 
1250.4603328980843 
1314.6359582647574 
1383.296778090683 
1456.8384038284114 
1535.6978379403536 
1620.3911396658598 
1711.4381427919452 
1809.4954869487635 
1915.2104858559026 
2029.3983367681783 
2152.8379396750097 
2286.734985979852 
2431.9863450388684 
2589.8705580894048 
2761.897999706697 
2949.697839842131 
3154.509919399453 
3381.7704111635417 
3628.591420770407 
3903.196428866149 
4214.047951247151 
9598.863668161706 
14983.67938507552 
20368.495101990033 
25753.310818904574 
31138.126535819087 
36522.94225273363 
41907.757969648155 
47292.57368656197 
52677.38940347651 
58062.20512039104 
63447.020837305565 
68831.83655422009 
74216.65227113462 
79601.46798804843 
84986.28370496297 
90371.0994218775 
95755.91513879203 
101140.73085570656 
106525.5465726211 
111910.36228953491 
117295.17800644942 
122679.99372336396 
128064.80944027849 
133449.62515719302 
138834.44087410683 
144219.25659102137 
149604.0723079359 
154988.88802485043 
160373.70374176494 
165758.51945867948 
171143.3351755933 
267943.7036101597 
446517.25977809896 
810300.2117628452 
1663563.2054147928 
4150069.7351105358 
14767334.15762514 
124923612.81904148 
7.709551598181406e+16 
