0.609375 
0.6567533617437049 
0.6942083470792543 
0.7244408422605157 
0.7496051169421718 
0.7702660079132819 
0.7884804589920349 
0.8040091174228156 
0.817420102259383 
0.8296481793528476 
0.8405507271317745 
0.8502869596156217 
0.8592055724052579 
0.867239361205703 
0.8747164263324023 
0.8815590999388051 
0.8878854217080996 
0.8937601431548371 
0.8992450639725842 
0.9043518511871296 
0.9091148507034277 
0.9136137329962783 
0.917809329902332 
0.9217786246294555 
0.9255274769983864 
0.9290500402803623 
0.93238560848751 
0.9355498445132439 
0.9385467525812429 
0.9413911905441588 
0.9440975405666893 
0.9466688418533048 
0.9491080054585463 
0.9514393229280116 
0.9536543754975393 
0.9557661533568219 
0.9577872819962153 
0.9597091065907211 
0.9615491771141876 
0.963303917656745 
0.9649852284205482 
0.9665894034243432 
0.9681229560381724 
0.9695922288518422 
0.9709959015022116 
0.9723401365909545 
0.973626004814558 
0.9748582276608789 
0.9760377543812583 
0.9771679323416458 
0.9782496219976302 
0.9792848597958322 
0.9802780079107413 
0.9812286042542624 
0.9821385461432557 
0.9830096872128189 
0.9838449953924472 
0.9846444943486876 
0.9854099249489122 
0.9861429887126337 
0.9868442214351167 
0.9875158304995895 
0.9881583026621651 
0.9887729466178199 
0.9893610426895947 
0.9899230249015631 
0.9904604056370265 
0.9909741248064339 
0.9914651031029718 
0.9919337108035069 
0.9923813699320863 
0.99280842117887 
0.9932159831176974 
0.993604632199419 
0.9939751917473939 
0.9943282127455103 
0.9946644901074322 
0.9949845503082139 
0.9952889104427127 
0.9955784513738554 
0.995853540897204 
0.9961149092604868 
0.9963629059093198 
0.9965981170408476 
0.9968211171141174 
0.9970323497001833 
0.9972322502414936 
0.9974213638043143 
0.9976000490230008 
0.9977687743744234 
0.9979279414040196 
0.9980780012207533 
0.9982193390122232 
0.9983522761821564 
0.998477212324828 
0.9985945389296753 
0.9987045843291653 
0.9988076705204082 
0.9989041268011778 
0.9989942758413025 
0.9990784471100953 
0.9991569100550213 
0.9992299420335551 
0.999297867058808 
0.9993609111557624 
0.9994193474871418 
0.9994734305301745 
0.9995234092798579 
0.9995695021485873 
0.9996119603223063 
0.9996509735483802 
0.9996867705256355 
0.9997195502720828 
0.999749495212652 
0.9997768015986919 
0.9998016431903842 
0.9998241955416945 
0.999844612446213 
0.9998630584820831 
0.9998796740255598 
0.9998946045256334 
0.9999079804392903 
0.9999199288927381 
0.9999305709223949 
0.9999400188667369 
0.9999483766211363 
0.999955746607663 
0.9999622203984349 
0.9999678870017783 
0.9999728263359497 
0.9999771134217694 
0.9999808185074206 
0.9999840059264105 
0.9999867355395116 
0.9999890616181168 
0.9999910318048104 
0.999992693137608 
0.9999940850852407 
0.9999952440273661 
0.9999962033471447 
0.9999969917794675 
0.9999976353265855 
0.999998156499014 
0.9999985754417364 
0.9999989093263466 
0.9999991730274816 
0.9999993794892792 
0.9999995394033622 
0.9999996621067276 
0.9999997551154117 
0.9999998248579953 
0.9999998764060221 
0.999999914170716 
0.9999999413123978 
0.9999999605432074 
0.9999999739668248 
0.9999999831709893 
0.9999999893152074 
0.9999999935011563 
0.9999999960923922 
0.9999999977701228 
0.9999999988480147 
1 
1 
1 
1 
1 
1 
1 
1 
1 
1 
1 
1 
1 
1 
1 
1 
1 
1 
1 
1 
1 
1 
1 
1 
1 
1 
1 
1 
1 
1 
1 
1 
1 
1 
1 
1 
1 
1 
1 
