50.04015864924088 
52.79804072322838 
55.505994897312284 
58.163196099950085 
60.81560189156615 
63.33189467132881 
65.94141543152828 
68.46322687373089 
70.89933487673312 
73.43640468911774 
75.96061981630946 
78.44895353644128 
80.98513135921125 
83.47749518761779 
86.04887929678974 
88.61294997813343 
91.19914145679004 
93.81501166412893 
96.47534038976771 
99.15724294456703 
101.85827699591319 
104.63274526112463 
107.40994359992094 
110.25464437125444 
113.15423889848836 
116.07492088668607 
119.0521612636326 
122.09194194080234 
125.18186867578382 
128.32998502479043 
131.54775027889173 
134.8246554793752 
138.14712061184164 
141.56000304099936 
145.02425554235694 
148.55980687065497 
152.19131896203143 
155.8748315966805 
159.6562532130807 
163.5082382751066 
167.46468921761533 
171.49533782402708 
175.61453102857854 
179.84134529190894 
184.15332792997404 
188.57218995087308 
193.090197088948 
197.72474265688237 
202.46940861132228 
207.33596149537524 
212.31730452314818 
217.41627971324286 
222.65994256251656 
228.03143947439597 
233.53470653459487 
239.17705815960215 
244.98005808713245 
250.93168960656485 
257.0407782075724 
263.31863831196756 
269.75835194211515 
276.3831140735512 
283.1872439792445 
290.1806669881446 
297.3757587193331 
304.7642869581205 
312.3678599154026 
320.19409092315755 
328.2533509616904 
336.53759569977876 
345.07585847181446 
353.86106131597813 
362.91590859262453 
372.24480051567724 
381.8628334464183 
391.775934182538 
402.0025489455207 
412.54937915831056 
423.42110451937333 
434.6506223824775 
446.2388123740783 
458.2128260842378 
470.57411092162585 
483.3440233146064 
496.54631977576844 
510.1957965233374 
524.3070684051258 
538.9110775808479 
554.0179193133192 
569.6551220046707 
585.8438039279639 
602.6164976647091 
620.0008944610219 
638.0100944977596 
656.680317785992 
676.0514752557998 
696.15272914963 
717.0134588264492 
738.6703638519612 
761.1653265287284 
784.5495331597245 
808.8560351493235 
834.12294490437 
860.4284910871037 
887.7973412506788 
916.2925991667073 
945.9763442059602 
976.9184895171871 
1009.168637011617 
1042.8283891634676 
1077.9382094972486 
1114.606658477014 
1152.9204541078611 
1192.9479113342454 
1234.8119431636578 
1278.6090769366515 
1324.4697406147236 
1372.4876054543813 
1422.8284170124534 
1475.603022556537 
1530.9865242301353 
1589.1254069936701 
1650.197971338735 
1714.4063686236777 
1781.955331568234 
1853.0373587563963 
1927.925822904144 
2006.852976309317 
2090.1332681020726 
2178.049747865075 
2270.9157470424034 
2369.0986313972476 
2472.9829697035675 
2583.027448751996 
2699.720739657719 
2823.429640923528 
2954.8882481874525 
3094.61008814936 
3243.2146231537063 
3401.5476978081747 
3570.341281746923 
3750.538531259657 
3943.03244318485 
4149.025805868923 
4369.674117164958 
4606.245162358914 
4860.418482296232 
5133.5743554025 
5427.936297678109 
5745.217539093688 
6088.140660981074 
6458.529575501899 
6861.477230980694 
7298.4731665829395 
7773.704003453062 
8292.483489844079 
8860.226865513467 
9477.206157610071 
10183.287458772727 
10938.277717145513 
11808.277689149765 
12875.428199565773 
17980.844553631294 
23086.260907696153 
28191.67726176168 
33297.09361582724 
38402.509969892766 
43507.926323958294 
48613.34267802384 
53718.759032088696 
58824.175386154224 
63929.59174021977 
69035.0080942853 
74140.42444835084 
79245.84080241637 
84351.25715648122 
89456.67351054677 
94562.0898646123 
99667.50621867784 
104772.92257274337 
109878.33892680891 
114983.75528087377 
120089.1716349393 
125194.58798900482 
130300.00434307038 
135405.4206971359 
140510.83705120077 
145616.2534052663 
150721.66975933182 
155827.08611339738 
160932.5024674629 
166037.91882152844 
171143.3351755933 
267943.7036101597 
446517.25977809896 
810300.2117628452 
1663563.2054147928 
4150069.7351105358 
14767334.15762514 
124923612.81904148 
7.709551598181406e+16 
