12.011419831811287 
11.361516391099078 
10.706561065774281 
10.0520582827121 
9.446004491695977 
8.878160561240026 
8.38351173799265 
7.959596551996957 
7.586018755836117 
7.2597475109231375 
6.9779962187094595 
6.73344107529239 
6.513704265883697 
6.321748439897206 
6.147899910096561 
5.995555859975597 
5.856820962260609 
5.732754531470878 
5.6202018244628364 
5.5180370621955595 
5.424560907946455 
5.339016714138332 
5.261423177333982 
5.18982006819334 
5.123764667028284 
5.062863338636333 
5.00676571169647 
4.95486550013804 
4.906904707286413 
4.86237120684566 
4.821348440809565 
4.7831095148944565 
4.747778314505681 
4.714953752725113 
4.684647904965531 
4.656498351226067 
4.63041499586282 
4.6063153487647055 
4.58412395754211 
4.563534241139625 
4.544608795650959 
4.527235318259179 
4.511308469113395 
4.496728990060588 
4.48345979647457 
4.47141069533949 
4.460607598801358 
4.45091133051447 
4.442298327750782 
4.4346920932086205 
4.428101105259582 
4.422481053274167 
4.417789480599127 
4.413959277932342 
4.4110059918713125 
4.408892602409853 
4.407570236805727 
4.407044759101881 
4.407270185936994 
4.408241249861237 
4.409940592324899 
4.412338650602517 
4.415433078239129 
4.419195902731168 
4.423626715586596 
4.428698923536026 
4.434426952306763 
4.440772187657451 
4.447750452702333 
4.45533100575622 
4.4635241278096185 
4.472313634563308 
4.481697470119163 
4.491674102832359 
4.502235646434449 
4.5133816551444115 
4.525108551847953 
4.537413549273649 
4.550293901135757 
4.563754659340123 
4.5777907025805105 
4.592404461229874 
4.607602362018889 
4.623377039844801 
4.639739566925563 
4.656687092829228 
4.67422993954428 
4.692368070974008 
4.711107271473185 
4.730454221868071 
4.750413861909214 
4.770995647842802 
4.7922042396147395 
4.814050034318734 
4.836542737096474 
4.85968926949803 
4.883502469969364 
4.907991687831286 
4.93317040054234 
4.959049319653097 
4.985643423982691 
5.012966012007321 
5.041032806325251 
5.069858133617231 
5.099460281023703 
5.129856427252919 
5.161066055761948 
5.19310763978895 
5.226002163329528 
5.259772557622462 
5.294441205453776 
5.3300323798901825 
5.36657215040027 
5.404086889374575 
5.442606031920942 
5.482158558527897 
5.52277678567499 
5.564493447998122 
5.607343826501772 
5.651364911910491 
5.696595560380502 
5.743076752952667 
5.790852025801575 
5.839966937905133 
5.890470048705334 
5.9424119589533175 
5.995846562549532 
6.050831292061135 
6.107426244167903 
6.165694758328887 
6.225704842371916 
6.287528471452333 
6.351240999968062 
6.41692276801279 
6.484660232650497 
6.554544555093355 
6.626671363874331 
6.70114505583634 
6.778074343118659 
6.857578183865976 
6.939778748060767 
7.024812021140909 
7.112820475401807 
7.203956208855052 
7.298386522072154 
7.39628265332725 
7.497838023016232 
7.603253360540689 
7.712752838876668 
7.826566104903549 
7.944958293655109 
8.068195101209628 
8.196584123597013 
8.330450500799301 
8.470148095955102 
8.616051155737372 
8.768599797463423 
8.928234961083975 
9.095481692342155 
9.270860713545687 
9.455008688341609 
9.648604657897822 
9.852337129767061 
10.067086567294739 
10.293770973566156 
10.533376669634256 
10.78709136370278 
11.056162407950618 
11.342328168898582 
11.647485997058848 
11.971433193594583 
12.324724842041917 
12.700961024591823 
13.071487832171458 
13.624681337708248 
13.970557763294076 
14.760008317138833 
15.948129476265326 
17.13625063539182 
18.324371794518314 
19.512492953644802 
20.700614112771138 
21.88873527189763 
23.076856431024126 
24.264977590150615 
25.45309874927711 
26.641219908403443 
27.829341067529935 
29.017462226656427 
30.20558338578292 
31.39370454490941 
32.58182570403591 
33.76994686316224 
39.05703359293515 
46.119503831665305 
56.0249997496087 
70.91003585020704 
95.76270634888132 
145.55626497305028 
295.20520469013553 
249991.27100686403 
