0.4048683193267049 
0.48813478549494377 
0.5690808359662953 
0.648890093441742 
0.7257482002225348 
0.8017936215587128 
0.874769320065471 
0.9446267671373187 
1.0130293354574003 
1.0798376756147463 
1.144676060253007 
1.2077795404634253 
1.270490852786224 
1.3317315817814566 
1.3927882758432861 
1.4524499729402576 
1.5120104858347594 
1.5708285946604994 
1.6293462440367763 
1.6875602685308586 
1.745699115123224 
1.8037631655859259 
1.8614784237430704 
1.9193406170873726 
1.9773373651656012 
2.0354635916103607 
2.0937090207177773 
2.152197629118114 
2.2109215787129353 
2.2700185216855147 
2.329326634919087 
2.3891470839920155 
2.449315601072456 
2.5099941048292993 
2.571075597136766 
2.632743375741425 
2.69499383110349 
2.7578163944543053 
2.8212020073303816 
2.885358572149468 
2.950181319168595 
3.015718871758444 
3.0820294906598416 
3.149166414465235 
3.2171372450798104 
3.2860119992890113 
3.3557121967999652 
3.4263888370446716 
3.498044264040896 
3.5707437018918045 
3.6444779489735706 
3.719280499004738 
3.795208010881366 
3.8723350467704765 
3.950649371404576 
4.030202496269833 
4.111067757608319 
4.193248310333096 
4.27682241823173 
4.361815541638105 
4.448272696517258 
4.536259071005742 
4.625810301106251 
4.716988104499926 
4.809836588844939 
4.904436780359044 
5.000780941438892 
5.0990014344336 
5.199105011878448 
5.3011896817729305 
5.405299373262929 
5.511514441375984 
5.619903772631293 
5.73052069917697 
5.8434591820407356 
5.9587815616846 
6.076577169147839 
6.196933079165142 
6.31993554836029 
6.445663726999322 
6.574222442172339 
6.705713027615301 
6.840212728769821 
6.977852068232816 
7.11872532608711 
7.262976238459329 
7.410666961609519 
7.561972328653883 
7.7170079297968295 
7.875908522268566 
8.03881620725068 
8.205878185628599 
8.377247788182077 
8.553092183305727 
8.73356973334797 
8.918870542145953 
9.109170529225054 
9.30467269475846 
9.505571492454205 
9.712091096125357 
9.924445457682177 
10.142875328628648 
10.367631218252779 
10.598965166646447 
10.837159821842567 
11.082497922709312 
11.33526917069961 
11.595813701168028 
11.86445828808621 
12.141555390751675 
12.427483893826121 
12.72263513059499 
13.027427050996849 
13.342300003318924 
13.667715487368385 
14.004172059256764 
14.35219474884639 
14.712325447182929 
15.08516519876381 
15.471327441940913 
15.871480512075326 
16.286325360190045 
16.716612538042494 
17.163132176729697 
17.626759650912664 
18.10835182744691 
18.60890963708062 
19.12946025578857 
19.671125336649123 
20.2350368025363 
20.82250896982872 
21.434886640805285 
22.073623508611966 
22.74026506886949 
23.436530616740793 
24.164213264133892 
24.925271707506983 
25.721819762835132 
26.556131338162714 
27.4307023607206 
28.348135017203322 
29.311395548405464 
30.323613874176193 
31.388208230578446 
32.50894133399125 
33.689821306504626 
34.93536118182882 
36.250399979010226 
37.64030701834313 
39.110897774973274 
40.66871044207353 
42.320735812012195 
44.07493386704158 
45.93998866179236 
47.925562026649196 
50.04223906980635 
52.302184500792016 
54.71856991860525 
57.3065379730315 
60.082570676789956 
63.06582960513244 
66.27770988066409 
69.74192267283797 
73.48641184429414 
77.54249368590192 
81.9457035914537 
86.73751423705993 
91.96498726109157 
97.68521461566071 
103.96394376756348 
110.8581390515482 
118.51965012205848 
126.97008467861552 
136.30908782645565 
147.28055813075503 
158.51488235715664 
172.4257729937159 
228.86451760004343 
285.3032622063711 
341.7420068126986 
398.18075141902614 
454.6194960253463 
511.0582406316738 
567.4969852380013 
623.935729844329 
680.3744744506565 
736.8132190569765 
793.2519636633042 
849.6907082696317 
906.1294528759593 
962.5681974822869 
1019.0069420886144 
1075.4456866949345 
1455.8048739479086 
2054.5300264263888 
3069.1842253003515 
4978.4078114012955 
9196.399972414798 
21529.30783992465 
89800.63211698466 
65442991452.23097 
