0.6666666666666666 
0.6658333333333333 
0.665 
0.6641666666666666 
0.6633333333333333 
0.6625 
0.6616666666666666 
0.6608333333333333 
0.6599999999999999 
0.6591666666666667 
0.6583333333333333 
0.6575 
0.6566666666666666 
0.6558333333333333 
0.655 
0.6541666666666667 
0.6533333333333333 
0.6525 
0.6516666666666666 
0.6508333333333333 
0.6499999999999999 
0.6491666666666667 
0.6483333333333333 
0.6475 
0.6466666666666666 
0.6458333333333333 
0.645 
0.6441666666666667 
0.6433333333333333 
0.6425 
0.6416666666666666 
0.6408333333333334 
0.64 
0.6391666666666667 
0.6383333333333333 
0.6375 
0.6366666666666666 
0.6358333333333333 
0.635 
0.6341666666666667 
0.6333333333333333 
0.6325 
0.6316666666666666 
0.6308333333333334 
0.63 
0.6291666666666667 
0.6283333333333333 
0.6275 
0.6266666666666667 
0.6258333333333332 
0.625 
0.6241666666666666 
0.6233333333333333 
0.6224999999999999 
0.6216666666666666 
0.6208333333333333 
0.62 
0.6191666666666666 
0.6183333333333333 
0.6174999999999999 
0.6166666666666667 
0.6158333333333333 
0.615 
0.6141666666666666 
0.6133333333333333 
0.6124999999999999 
0.6116666666666667 
0.6108333333333333 
0.61 
0.6091666666666666 
0.6083333333333333 
0.6074999999999999 
0.6066666666666667 
0.6058333333333333 
0.605 
0.6041666666666666 
0.6033333333333333 
0.6025 
0.6016666666666667 
0.6008333333333333 
0.6 
0.5991666666666666 
0.5983333333333333 
0.5974999999999999 
0.5966666666666667 
0.5958333333333333 
0.595 
0.5941666666666666 
0.5933333333333333 
0.5925 
0.5916666666666667 
0.5908333333333333 
0.59 
0.5891666666666666 
0.5883333333333334 
0.5875 
0.5866666666666667 
0.5858333333333333 
0.585 
0.5841666666666666 
0.5833333333333333 
0.5825 
0.5816666666666667 
0.5808333333333333 
0.58 
0.5791666666666666 
0.5783333333333334 
0.5775 
0.5766666666666667 
0.5758333333333333 
0.575 
0.5741666666666667 
0.5733333333333334 
0.5725 
0.5716666666666667 
0.5708333333333333 
0.57 
0.5691666666666666 
0.5683333333333334 
0.5675 
0.5666666666666667 
0.5658333333333333 
0.565 
0.5641666666666667 
0.5633333333333334 
0.5625 
0.5616666666666666 
0.5608333333333333 
0.5599999999999999 
0.5591666666666667 
0.5583333333333333 
0.5575 
0.5566666666666666 
0.5558333333333333 
0.5549999999999999 
0.5541666666666667 
0.5533333333333333 
0.5525 
0.5516666666666666 
0.5508333333333333 
0.55 
0.5491666666666667 
0.5483333333333333 
0.5475 
0.5466666666666666 
0.5458333333333333 
0.545 
0.5441666666666667 
0.5433333333333333 
0.5425 
0.5416666666666666 
0.5408333333333333 
0.54 
0.5391666666666667 
0.5383333333333333 
0.5375 
0.5366666666666666 
0.5358333333333334 
0.535 
0.5341666666666667 
0.5333333333333333 
0.5325 
0.5316666666666666 
0.5308333333333334 
0.53 
0.5291666666666667 
0.5283333333333333 
0.5275 
0.5266666666666666 
0.5258333333333334 
0.525 
0.5241666666666667 
0.5233333333333333 
0.5225 
0.5216666666666666 
0.5208333333333334 
0.52 
0.5191666666666667 
0.5183333333333333 
0.5175 
0.5166666666666666 
0.5158333333333334 
0.515 
0.5141666666666667 
0.5133333333333333 
0.5125 
0.5116666666666667 
0.5108333333333334 
0.51 
0.5091666666666667 
0.5083333333333333 
0.5075 
0.5066666666666667 
0.5058333333333334 
0.505 
0.5041666666666667 
0.5033333333333333 
0.5025 
0.5016666666666667 
0.5008333333333334 
0.5 
