6.674233762466938 
6.250118682950528 
5.949081652111344 
5.727155368643138 
5.5558155894168415 
5.4263713695755635 
5.3177365655118445 
5.231701482182343 
5.162747658621743 
5.10221755790733 
5.051580210279588 
5.009529857871996 
4.972995915611246 
4.942802436470594 
4.916027860412333 
4.893578095320874 
4.874485751781628 
4.858272042952905 
4.844466497205434 
4.833082068614673 
4.823899366688413 
4.81621582013448 
4.810539153324036 
4.806164366417032 
4.803114115108449 
4.801538922473928 
4.801092877994925 
4.8016749610862846 
4.803309682369994 
4.805894672873861 
4.8093249920393175 
4.813623775885339 
4.81881579994868 
4.824659321444347 
4.831309387027235 
4.8386541885409144 
4.846577480383512 
4.8552376100599774 
4.864446982616395 
4.874295166258394 
4.884659451692663 
4.895630357765287 
4.907154919639335 
4.9191778629695895 
4.931754260617535 
4.944827221283361 
4.958414358273011 
4.972475274372821 
4.987026746580931 
5.002046551721246 
5.017551355025587 
5.033537867047908 
5.049961401861349 
5.066858641286906 
5.084225210004553 
5.102056407344476 
5.12032587152853 
5.139059771580418 
5.158252800413783 
5.177898706542603 
5.19801352118744 
5.218579833575834 
5.239613197943064 
5.261112616063843 
5.283076945642908 
5.305522277225286 
5.328441340750024 
5.351838564545611 
5.375718500363526 
5.4000973474556 
5.424967927778762 
5.450346881887714 
5.476232771530943 
5.502636600504293 
5.529563341445462 
5.557024074133993 
5.585024441773787 
5.613576013875956 
5.64269028391211 
5.672370755650236 
5.702632554159861 
5.733482732632822 
5.764936802327201 
5.79700538687824 
5.82969960479516 
5.863033191984218 
5.897020721733454 
5.931674937172288 
5.967011867836481 
6.003046672659091 
6.0397956025486765 
6.077275000326108 
6.115502790649309 
6.154497490592915 
6.194277907094255 
6.234864179357908 
6.276277259475651 
6.318538477538086 
6.361670274561368 
6.405696293962913 
6.450642231198085 
6.49653264248481 
6.543393193042733 
6.591255392219165 
6.640144877241404 
6.69009298301025 
6.741131789345364 
6.793295681799566 
6.8466161797163805 
6.901135272041351 
6.956884014573189 
7.013907339768616 
7.07224683942088 
7.131940879621419 
7.193039856341026 
7.255589403966379 
7.319643474342931 
7.38524751254596 
7.452465463418336 
7.5213473538482685 
7.59196001660346 
7.664363398767579 
7.7386250436726725 
7.814819326390396 
7.893020883983114 
7.973300831100211 
8.055751242724405 
8.140452293079681 
8.227506419439653 
8.317004807904986 
8.409046604889904 
8.503743248010997 
8.60120824018773 
8.701574637347981 
8.804979556936956 
8.91151949562174 
9.02139491248773 
9.134733047815809 
9.251686340249085 
9.372465728759407 
9.497237605021928 
9.626220167990402 
9.759602579217676 
9.897650837300198 
10.040598111659907 
10.188690122912421 
10.342269434797288 
10.501562836646176 
10.667010061061646 
10.838866024171898 
11.017631777626415 
11.203503462296181 
11.397540439665303 
11.599718804052635 
11.810698567133224 
12.031349541543618 
12.26246057375029 
12.503339532845434 
12.7635470954497 
13.03158806031844 
13.32330668156222 
13.65797391530666 
14.306747236205243 
14.955520557103743 
15.604293878002327 
16.25306719890091 
16.901840519799492 
17.550613840698077 
18.19938716159666 
18.84816048249516 
19.496933803393745 
20.145707124292326 
20.79448044519091 
21.443253766089494 
22.092027086988075 
22.740800407886574 
23.38957372878516 
24.038347049683743 
24.687120370582328 
25.335893691480912 
25.984667012379493 
26.633440333277992 
27.282213654176573 
27.930986975075157 
28.579760295973742 
29.228533616872326 
29.877306937770822 
30.526080258669406 
31.17485357956799 
31.823626900466575 
32.472400221365156 
33.12117354226374 
33.76994686316224 
39.05703359293515 
46.119503831665305 
56.0249997496087 
70.91003585020704 
95.76270634888132 
145.55626497305028 
295.20520469013553 
249991.27100686403 
