664.4288990285362 
567.9080324120667 
465.87986066941005 
392.05303927729204 
308.45690001486213 
231.39288037425234 
165.06965789908384 
121.98941176678083 
93.88511267739185 
74.52709714480905 
60.611653055454354 
50.264022038125376 
42.35396239133421 
36.16660540259112 
31.231849339258 
27.22997930719307 
23.937406072403693 
21.193903970107268 
18.882165733137622 
16.914709157848343 
15.22516430203762 
13.762467811821931 
12.486765752580986 
11.366587408568574 
10.376805454343568 
9.497143335283077 
8.711126141138342 
8.005164350002268 
7.368034893808744 
6.7903752525447585 
6.264318738577713 
5.783191372978384 
5.341271267882089 
4.93369564616673 
4.556197313729561 
4.205098013541614 
3.8770521001479237 
3.569218645935545 
3.278901262842518 
3.003603151423402 
2.7410072954043856 
2.4888516415221473 
2.244668927436638 
2.0058607328611746 
1.7693539582043452 
1.5310603596378805 
1.285571039991957 
1.0242532941757412 
0.7330982657416195 
0.4048683193267049 
