0.9999999999403059 
0.999999999940736 
0.9999999999131403 
0.9999999999453337 
0.9999999999354046 
0.9999999999262976 
0.9999999997532933 
0.9999999926822283 
0.9999999077663069 
0.9999993455770735 
0.9999968762682565 
0.9999888041049318 
0.9999675977073519 
0.9999203785365331 
0.999827837582955 
0.9996637379746611 
0.9993949951470074 
0.9989821724035568 
0.9983801876336473 
0.9975391051982134 
0.9964047771236267 
0.9949194315966374 
0.9930219523842303 
0.9906481009850547 
0.9877302846730662 
0.9841974087461374 
0.9799745110855145 
0.9749817521177199 
0.9691339156549267 
0.9623391446538455 
0.954497956317686 
0.9455011886932518 
0.935227602368219 
0.9235429925126551 
0.9102946679101716 
0.8953101455679653 
0.8783861198638936 
0.8592936168479253 
0.8377526152138448 
0.8134261472112744 
0.78590457156347 
0.7546772291504614 
0.7190679856466892 
0.6781895168595506 
0.6308157426412907 
0.575153488142155 
0.5086039182044149 
0.4272771336736241 
0.32689825156468083 
0.21484375 
