34802.90936335358 
30402.33204003256 
25352.93558382361 
22635.778311419675 
18803.559850975973 
15402.801608225429 
12348.898633136287 
9589.955039320605 
7027.270191441383 
4998.724261573027 
3675.935307730043 
2780.2560360154916 
2155.4156664566626 
1705.5782444792108 
1373.1388892403684 
1121.9389622310157 
928.474626161702 
776.9840722365059 
656.6091007280827 
559.7074143812247 
480.79066342070405 
415.845873225709 
361.89091625531097 
316.6809236269751 
278.49972455316436 
246.02245963115666 
218.2104600397598 
194.24934914995427 
173.4876883364665 
155.4016800213854 
139.56670572517635 
125.63734128115485 
113.33064163694246 
102.41010749597795 
92.68082885697963 
83.97755150871856 
76.16164484500909 
69.11637227569744 
62.74095771615896 
56.94782423892445 
51.66086959206477 
46.81434295564994 
42.35045831189756 
38.20708623353255 
34.33368819197183 
30.676928463831572 
27.170864396038233 
23.714612384758826 
20.150287636792374 
16.106696855518788 
