249991.27100686403 
69.39940251036329 
33.02547727775336 
20.994416169316967 
15.02745501837399 
11.477611232387897 
14.238293134689588 
12.475987597187183 
11.153153790020806 
10.125832813301644 
9.303840697462599 
8.631166128600047 
8.070650442493008 
7.596589852817937 
7.190660467597217 
6.839432834884854 
6.5328608506579 
6.2632874892059345 
6.024783581465743 
5.81269911729682 
5.623345646368731 
5.453772837885226 
5.301605702734323 
5.164923738710635 
5.042176283127903 
4.932114012016309 
4.833739539816638 
4.746278232105246 
4.669147466089143 
4.601944399851144 
4.544433608329423 
4.496553897784171 
4.4584325059658045 
4.430383034665553 
4.412968666212236 
4.407018536823782 
4.413770930552301 
4.434846409868331 
4.47260411421354 
4.530325269468526 
4.61261067075658 
4.726100730910261 
4.880995171891837 
5.093140712400556 
5.388872866108145 
5.815690891780751 
6.464554793480553 
7.527984483400789 
9.384293734086121 
12.011419831811287 
