0.9999999999403059 
0.999999999940736 
0.9999999999131403 
0.9999999999453337 
0.9999999999354046 
0.9999999999262976 
0.9999999999177644 
0.9999999999096572 
0.999999999901879 
0.9999999996302695 
0.9999999964423476 
0.9999999750852793 
0.9999998773275709 
0.9999995306096277 
0.9999985208476451 
0.9999960031822339 
0.9999904621123872 
0.999979443592504 
0.9999592828573156 
0.9999248541154442 
0.9998693547284614 
0.9997841269656575 
0.9996585080488583 
0.9994797287134576 
0.999232774104386 
0.9989002693368723 
0.9984622653400266 
0.997896135650551 
0.997176192015188 
0.9962732335608435 
0.9951540519335091 
0.9937806777384053 
0.9921095857445542 
0.9900898342813076 
0.9876622454103692 
0.9847555992252042 
0.9812842783138089 
0.9771443189484044 
0.9722050470745844 
0.9662992335051902 
0.9592084363898472 
0.9506413299966114 
0.9401975308194979 
0.9272727920958903 
0.910970844991419 
0.8898330383919 
0.8612233151411649 
0.819613199401583 
0.7512068504805569 
0.609375 
