13.2856585403904 
13.154998540316585 
12.82611035322101 
12.939326340484401 
12.730980061710726 
12.545270722695646 
12.37523025167927 
12.216960577491005 
12.068112644218381 
11.315811376431036 
10.118298337972469 
9.088279020434044 
8.24002962802058 
7.522773022474368 
6.906789784273644 
6.371306933643494 
5.901091970468544 
5.484564483584961 
5.112687323939413 
4.778341865909682 
4.475840691247268 
4.200581905353586 
3.9487989758910795 
3.71741182175381 
3.503843556435122 
3.30594394270848 
3.121887363104701 
2.9501575325531153 
2.789451119218232 
2.6386448434586627 
2.4967792492911953 
2.363028499636287 
2.236690014006818 
2.1171307635692873 
2.0038289697879383 
1.8962946156840994 
1.7941122825657312 
1.696935642399725 
1.6044377284842382 
1.5163237621764953 
1.4323386509350506 
1.3522827967498539 
1.2760177944996576 
1.2033384471534696 
1.1342848724471297 
1.0691195582132147 
1.008611059266947 
0.9551407516633894 
0.9183627686927999 
0.9558450007720887 
