16.13099999999673 
16.058999999996644 
15.791999999996687 
15.993999999996575 
15.882999999996636 
15.82099999999667 
15.818999999996672 
15.920999999996615 
15.188937856175897 
14.287633102215567 
13.081273291346722 
12.05450379122755 
11.207389801376316 
10.491472351276615 
9.877516216207402 
9.344916143342918 
8.878476854758667 
8.466624535009528 
8.100345180640915 
7.772536141236514 
7.477523126531915 
7.210719195629832 
6.968378748023353 
6.747424396395147 
6.545298275585353 
6.3598670961725 
6.1893414059460925 
6.032217071622219 
5.8872244806403256 
5.7532953020232895 
5.629534077224178 
5.51519673527606 
5.409671234016095 
5.312479952782895 
5.22325456946877 
5.141767595804436 
5.067918721505344 
5.001742521858127 
4.943470422172006 
4.893578345096714 
4.852864183920355 
4.822565615884487 
4.804582295809344 
4.802237691548254 
4.820697552311486 
4.869062871963729 
4.96530159296156 
5.151204834943547 
5.546161272431511 
6.674233762466938 
