12.666039590125992 
12.541595839753246 
12.22218081793192 
12.337239305920516 
12.136038707106646 
11.95706132421781 
11.252977284848845 
9.491525734145966 
8.16805681007922 
7.139460343027143 
6.3150471446088785 
5.638723805518382 
5.073327993847015 
4.593164526957782 
4.179953890800798 
3.8203164821343942 
3.504278118406147 
3.22426715319689 
2.9744448484541777 
2.7502587343809655 
2.548104811577785 
2.3651099651661966 
2.1989509666292655 
2.047735383836341 
1.9098954583578516 
1.784123354595364 
1.6693156137205813 
1.5645213260078608 
1.4689201135499292 
1.381793112507279 
1.302510511544229 
1.230514296804751 
1.1653112509790775 
1.1064788958583471 
1.053653060387946 
1.00654310080847 
0.9649245816420537 
0.9286783531603771 
0.8977797484044492 
0.8723515016390628 
0.8527193507466291 
0.8394998764903674 
0.8337660548352039 
0.8373701381177372 
0.8535782825569367 
0.8885251762211913 
0.9547249662180137 
1.0813751144992345 
1.3467045609379202 
1.9310235100880846 
